3 1
9 0
12 0
21 0
36 0
45 0
48 0
51 0
57 0
63 0
69 0
84 0
87 0
93 0
96 0
99 0
105 0
108 0
114 0
120 0
141 0
144 0
159 0
162 0
165 0
171 0
177 0
180 0
192 0
198 0
201 0
984 0
1086 0
1134 0
1434 0
1440 0
1446 0
1452 0
1455 0
1479 0
1494 0
1518 0
1572 0
1602 0
1623 0
1644 0
1650 0
1656 0
1677 0
1686 0
1689 0
1692 0
1695 0
1698 0
1713 0
1719 0
1722 0
1725 0
1731 0
1734 0
1749 0
1758 0
1821 0
1824 0
1827 0
1830 0
1833 1
1836 0
1869 0
1905 0
1959 0
2055 0
2058 0
2067 0
2070 0
2079 0
2085 0
2100 0
2103 0
2112 0
2223 0
2259 0
2289 0
2292 0
2298 0
2313 0
2367 0
2397 0
2400 0
2403 0
2406 0
2424 0
2448 0
2472 0
2475 1
2478 0
2481 0
2526 0
2538 0
2541 0
2550 0
2559 0
2562 0
2598 0
2622 0
2631 0
2634 0
2637 0
2643 0
2646 0
2652 0
2685 0
2688 0
2691 0
2724 0
2733 0
2736 0
2742 0
2745 0
2751 0
2757 0
2763 0
2766 0
2790 0
2799 0
2802 0
2823 0
2871 0
2886 0
2895 0
2898 0
2901 0
2916 0
2946 1
2949 0
2955 0
2958 0
2961 0
2964 0
2979 0
2997 1
3000 0
3009 0
3021 0
3024 0
3027 0
3045 0
3051 0
3054 0
3057 0
3066 0
3072 0
3075 0
3078 1
3096 1
3108 0
3111 1
3177 0
3201 0
3204 0
3216 0
3219 0
3237 0
3249 0
3270 0
3276 0
3279 0
3288 0
3306 1
3348 0
3354 1
3366 0
3387 0
3399 0
3405 1
3426 0
3438 1
3450 0
3456 0
3462 0
3474 0
3489 0
3492 0
3510 0
3552 0
3558 0
3567 0
3579 0
3582 0
3588 0
3627 0
3639 0
3654 0
3696 0
3702 0
3708 0
3714 0
3723 0
3732 0
3738 0
3741 0
3744 0
3777 0
3780 0
3792 1
3801 0
3804 0
3807 0
3813 0
3825 0
3828 0
3855 0
3858 0
3870 0
3897 0
3924 0
3927 0
3942 0
3945 0
3951 0
3960 0
3963 0
3972 0
3975 0
3978 0
4002 0
4017 0
4020 0
4029 0
4032 0
4035 0
4050 0
4062 0
4071 0
4080 0
4089 0
4116 0
4122 0
4125 0
4128 0
4134 1
4140 0
4161 0
4167 0
4179 0
4185 0
4209 0
4221 0
4224 0
4227 0
4242 0
4299 0
4305 0
4308 0
4314 1
4320 0
4329 0
4332 1
4338 0
4341 0
4347 0
4371 0
4377 0
4380 0
4389 0
4404 0
4419 0
4434 0
4443 0
4446 0
4449 0
4455 0
4461 0
4467 0
4476 0
4485 0
4488 1
4494 0
4506 0
4512 0
4518 0
4527 0
4542 0
4551 0
4554 0
4563 0
4566 0
4569 0
4575 0
4584 0
4596 0
4620 0
4629 0
4641 0
4656 0
4659 0
4662 0
4683 0
4707 0
4710 0
4716 0
4719 0
4725 0
4731 0
4758 1
4767 0
4773 0
4776 0
4791 0
4815 0
4830 0
4839 0
4872 0
4887 0
4896 0
4902 0
4905 0
4914 0
4941 0
4947 0
4953 0
4977 0
4998 0
5016 1
5025 0
5043 0
5088 0
5100 0
5103 0
5106 0
5109 0
5115 0
5118 0
5130 0
5133 0
5136 0
5151 0
5154 0
5157 0
5172 0
5175 0
5187 0
5190 0
5193 0
5199 0
5208 0
5229 0
5235 0
5256 0
5277 0
5283 0
5313 0
5349 0
5355 0
5385 0
5391 0
5406 1
5409 0
5415 0
5424 0
5448 0
5475 0
5487 0
5508 0
5520 1
5526 1
5598 0
5610 1
5616 0
5619 1
5637 0
5643 0
5655 0
5685 0
5694 0
5700 0
5724 0
5730 0
5733 0
5739 0
5745 0
5772 0
5778 1
5799 0
5805 0
5823 0
5832 0
5877 0
5886 0
5916 0
5922 0
5946 0
5949 1
5961 0
5973 0
5976 0
5979 0
5997 0
6000 0
6006 0
6021 0
6027 0
6030 0
6039 0
6042 0
6045 0
6078 0
6081 0
6087 0
6096 0
6105 0
6111 0
6114 0
6117 0
6159 0
6180 0
6186 0
6195 0
6198 0
6204 0
6216 0
6219 0
6231 0
6237 0
6255 0
6258 0
6270 0
6297 0
6315 0
6321 0
6327 0
6348 0
6351 0
6369 0
6381 0
6390 0
6396 0
6426 0
6429 0
6432 0
6450 0
6471 0
6474 0
6480 0
6501 0
6513 0
6525 0
6531 0
6537 0
6540 0
6588 0
6606 0
6651 0
6657 0
6660 0
6666 0
6699 0
6705 0
6714 0
6717 0
6753 0
6774 0
6786 0
6798 0
6810 0
6843 0
6852 0
6855 0
6858 0
6864 0
6870 0
6876 0
6885 0
6897 0
6900 1
6903 0
6909 0
6912 0
6915 0
6930 0
6948 0
6966 0
6969 0
6975 0
6978 0
6987 0
6996 0
7008 0
7032 0
7041 0
7047 0
7056 0
7071 0
7074 0
7077 0
7098 0
7116 0
7122 0
7131 0
7134 0
7164 0
7176 0
7191 0
7200 0
7221 0
7230 0
7239 0
7251 0
7275 0
7302 0
7308 0
7332 0
7335 0
7338 0
7341 0
7356 0
7374 0
7398 0
7404 0
7407 0
7416 0
7422 1
7431 1
7443 0
7449 0
7455 0
7491 0
7503 0
7506 0
7509 0
7512 0
7518 0
7521 0
7533 0
7536 0
7539 0
7554 0
7557 0
7560 0
7575 0
7578 0
7590 0
7593 0
7596 0
7602 0
7611 0
7632 0
7638 0
7659 0
7680 0
7686 0
7716 0
7758 0
7788 0
7812 1
7821 0
7827 0
7839 0
7875 0
7887 0
7890 0
7914 0
7917 0
7923 0
7929 0
7953 1
7959 0
7965 0
7995 0
8004 0
8010 0
8013 0
8040 0
8046 0
8082 0
8091 0
8097 0
8121 0
8127 0
8130 0
8136 0
8142 0
8169 0
8175 1
8196 0
8202 0
8220 0
8223 0
8232 0
8271 0
8280 0
8310 0
8316 0
8340 0
8343 1
8355 0
8367 0
8370 0
8373 0
8391 0
8394 0
8400 0
8415 0
8421 0
8424 0
8433 0
8436 0
8439 0
8457 0
8472 0
8475 0
8484 0
8493 0
8502 0
8520 0
8523 0
8526 0
8538 0
8553 0
8556 0
8565 0
8577 0
8580 0
8583 0
8598 0
8619 0
8631 0
8643 0
8655 0
8658 0
8670 1
8676 1
8679 0
8688 0
8694 0
8706 1
8724 0
8727 0
8790 0
8793 0
8799 0
8814 0
8820 0
8826 0
8829 0
8844 0
8856 0
8862 0
8877 1
8883 0
8895 0
8898 0
8904 0
8907 0
8916 0
8928 0
8931 0
8943 0
8949 0
8952 0
8967 0
8997 0
9003 0
9015 0
9021 0
9027 0
9039 0
9045 0
9048 0
9114 0
9153 0
9156 0
9159 0
9168 0
9186 0
9189 0
9204 0
9213 0
9216 0
9219 0
9234 0
9237 0
9246 0
9261 0
9273 0
9291 0
9294 0
9297 0
9336 0
9339 1
9342 0
9345 0
9357 0
9360 0
9378 0
9381 0
9390 0
9411 0
9417 0
9456 0
9462 0
9471 0
9492 0
9501 0
9510 0
9516 0
9534 0
9543 0
9546 0
9549 0
9555 0
9558 1
9561 0
9564 0
9567 0
9585 0
9588 0
9609 0
9624 0
13362 0
13389 0
13398 0
13422 0
13428 0
13497 0
13509 0
13548 0
13560 0
13569 0
13572 0
13575 0
13596 0
13623 0
13635 0
13689 0
13701 0
13707 0
13728 0
13731 0
13746 1
13776 0
13806 0
13836 0
13842 0
13845 0
13860 0
13866 0
13899 0
13902 0
13905 0
13908 0
13911 0
13917 0
13929 0
13983 0
14007 0
14010 0
14037 0
14052 0
14067 0
14070 0
14094 0
14115 0
14118 0
14142 0
14217 0
14244 0
14268 0
14271 0
14298 0
14313 0
14328 0
14376 0
14379 0
14397 0
14400 0
14406 0
14409 0
14460 0
14472 0
14478 0
14496 0
14508 0
14517 0
14529 0
14532 0
14538 0
14583 0
14586 0
14640 0
14649 0
14673 0
14679 0
14682 0
14688 0
14712 0
14721 0
14733 0
14739 0
14748 0
14754 0
14778 0
14793 0
14796 0
14799 0
14865 0
14868 0
14877 0
14898 0
14910 0
14955 0
14982 0
15021 0
15075 0
15117 0
15120 0
15273 0
15282 0
15285 0
15288 0
15303 0
15315 0
15318 0
15348 0
15366 0
15414 0
15486 0
15489 0
15492 0
15495 0
15498 0
15501 0
15504 0
15507 0
15510 0
15513 0
15516 0
15522 0
15525 0
15558 0
15561 0
15567 0
15645 0
15741 0
15753 0
15771 0
15777 0
15810 0
15816 0
15864 0
15867 1
15876 0
15900 0
15918 0
15930 1
15933 0
16029 0
16065 0
16068 0
16071 0
16095 0
16098 0
16101 0
16113 0
16155 0
16161 0
16164 0
16170 0
16224 1
16311 0
16320 0
16323 0
16335 0
16341 0
16365 0
16407 0
16416 0
16464 0
16497 0
16500 0
16539 0
16542 0
16587 0
16593 0
16599 0
16653 0
16848 0
17100 0
17106 0
17121 0
17136 0
17184 1
17301 0
17319 0
17382 0
17400 0
17403 0
17409 0
17412 0
17439 0
17478 0
17502 0
17505 0
17535 0
17583 0
17715 0
17727 1
17823 0
17862 0
17865 1
17922 0
17940 0
18069 0
18075 0
18084 0
18135 0
18348 0
18498 0
18522 0
18564 0
18597 0
18609 0
18714 0
18753 0
18792 0
18843 0
18945 0
19035 0
19044 0
19206 0
19218 0
19221 0
19230 0
19233 0
19236 0
19254 0
19257 0
19275 0
19332 0
19347 0
19800 0
20007 0
20049 0
20124 0
20136 0
20139 0
20160 0
20430 0
20490 0
20526 0
20547 0
20550 0
20553 0
20571 0
20631 0
20766 0
20769 0
20772 0
20775 0
20781 0
20784 0
20817 0
20820 0
20823 0
20829 0
20850 0
20895 0
20904 0
20907 0
20910 0
20925 0
20967 0
20970 0
20973 0
20976 0
20979 0
20982 0
20991 0
21069 0
21072 0
21078 0
21081 0
21084 0
21087 0
21093 0
21126 0
21165 0
21177 0
21183 0
21210 0
21222 0
21234 0
21249 0
21255 0
21258 0
21267 0
21270 0
21273 0
21276 0
21279 0
21282 0
21294 0
21297 0
21300 0
21303 1
21306 0
21381 0
21387 0
21537 0
21555 0
21567 0
21612 0
21720 0
21729 0
21738 0
21741 1
21750 0
21765 0
21771 0
21795 0
21798 0
21840 0
21861 0
21864 0
21912 0
21915 0
21918 0
21921 0
21924 0
21927 0
21930 0
21933 0
21936 0
21939 0
21942 0
21945 0
21951 0
21954 0
22071 0
22155 0
22194 0
22209 0
22281 0
22296 0
22407 0
22434 0
22503 0
22506 0
22509 0
22524 0
22530 0
22533 0
22536 0
22545 0
22557 0
22560 0
22581 0
22614 0
22620 0
22644 0
22704 0
22737 0
22749 0
22776 0
22809 0
22815 0
22821 0
22824 0
22836 0
22839 0
22857 0
22908 1
22968 0
22977 0
23019 0
23028 0
23034 0
23037 0
23046 0
23064 0
23157 0
23181 0
23190 0
23211 0
23232 0
23253 0
23271 0
23274 0
23334 0
23367 0
23379 0
23382 0
23400 0
23463 0
23541 0
23562 0
23580 0
23598 0
23610 0
23625 0
23631 0
23727 0
23730 0
23733 0
23736 0
23757 0
23760 0
23769 0
23844 0
23874 0
23889 0
23901 0
23904 0
23925 0
23937 0
23940 0
23949 0
23952 0
24054 0
24060 0
24093 0
24147 0
24171 0
24207 0
24231 0
24243 0
24285 0
24309 0
24315 0
24345 0
24351 0
24465 0
24504 0
24750 0
24753 0
24762 0
24774 0
24783 0
24786 0
24792 0
24813 0
24822 0
24825 0
24831 0
24918 0
24921 0
24927 0
24939 0
24978 0
25005 0
25011 0
25014 0
25026 0
25029 0
25032 0
25035 0
25041 0
25107 0
25113 0
25122 0
25140 0
25143 0
25224 0
25389 0
25503 0
25560 0
25566 0
25593 0
25596 0
25638 0
25659 0
25698 0
25776 0
25785 0
25830 0
25857 0
25908 0
25932 0
25947 0
25959 0
25965 0
25980 0
26004 0
26028 0
26073 0
26079 0
26082 0
26145 0
26247 0
26259 0
26286 0
26349 0
26370 0
26388 0
26403 0
26409 0
26445 0
26469 0
26481 0
26520 0
26535 0
26556 1
26559 0
26577 0
26580 0
26598 0
26601 0
26604 0
26607 0
26613 0
26619 1
26622 0
26631 0
26634 0
26637 0
26661 0
26682 0
26688 0
26706 0
26709 0
26745 0
26805 0
26808 0
26820 0
26823 0
26826 0
26871 0
26925 0
26955 0
26982 0
26997 0
27003 0
27165 0
27171 0
27246 0
27255 0
27318 0
27417 0
27420 0
27423 0
27426 0
27450 0
27495 0
27642 0
27648 0
27708 0
27756 0
27816 0
27852 0
27975 0
28176 0
28227 0
28323 0
28380 0
28383 0
28389 0
28398 0
28401 0
28434 0
28440 0
28443 0
28461 0
28464 0
28467 0
28470 0
28479 0
28485 0
28569 0
28719 0
28785 0
28875 0
28896 0
28908 0
28929 0
28974 0
29343 0
29370 0
29415 0
29454 0
29463 0
29466 0
29469 0
29496 0
29499 0
29502 0
29505 0
29508 0
29511 0
29517 0
29520 0
29529 0
29532 0
29535 0
29541 0
29562 0
29568 1
29586 0
29598 0
29622 0
29625 0
29631 0
29652 0
29655 0
29703 0
29715 0
29718 0
29724 0
29736 0
29757 0
29769 0
29775 0
29781 0
29784 0
29787 0
29790 0
29814 0
29832 0
29838 0
29841 0
29856 0
29859 0
29862 0
29892 0
29904 0
29916 0
29937 0
29946 0
29949 0
29952 0
29955 0
29958 0
29961 0
29964 0
29982 0
29985 0
29991 0
30000 0
30006 0
30012 0
30015 0
30018 0
30021 0
30027 0
30039 0
30144 0
30222 0
30279 0
30300 0
30303 0
30330 0
30336 0
30351 0
30354 0
30399 0
30420 0
30486 0
30489 0
30528 0
30540 0
30552 0
30609 0
30630 0
30633 0
30675 0
30690 0
30735 0
30744 0
30747 0
30891 0
30915 0
30969 0
30996 0
31014 0
31149 0
31212 0
31293 0
31338 0
31347 0
31383 0
31422 0
31611 0
31668 0
31704 0
31707 0
31710 0
31713 0
31716 0
31719 0
31722 0
31728 0
31731 0
31734 0
31737 0
31740 0
31743 0
31746 0
31749 0
31752 0
31755 0
31758 0
31761 0
31764 0
31770 0
31773 0
31776 0
31779 0
31782 0
31785 0
31788 0
31791 0
31797 0
31803 0
31806 0
31809 0
31812 0
31815 0
31818 0
31821 0
31824 0
31830 0
31920 0
31959 0
31974 0
31980 0
31983 0
31989 0
31992 0
32031 0
32034 0
32037 0
32040 0
32043 0
32046 0
32058 1
32091 0
32106 0
32112 0
32139 0
32160 0
32163 0
32166 0
32178 0
32184 0
32187 0
32226 0
32310 0
32343 0
32346 0
32361 0
32364 0
32379 0
32412 1
32442 0
32748 0
32754 0
32784 0
32790 0
32793 0
32796 0
32802 0
32847 0
32889 0
32916 0
32919 0
32946 0
32955 0
32979 0
32982 0
33006 0
33021 1
33051 0
33111 0
33114 0
33204 0
33258 0
33267 0
33279 0
33285 0
33312 0
33315 0
33321 0
33333 0
33345 0
33363 0
33390 0
33396 0
33468 0
33471 0
33534 0
33627 0
33630 0
33657 0
33690 0
33729 0
33762 0
33768 0
33786 0
33789 0
33813 0
33825 0
33834 0
33837 0
33846 0
33885 0
33903 0
33933 0
33939 0
33954 0
33960 0
33990 0
33996 0
34017 0
34035 0
34110 0
34272 0
34281 0
34308 0
34314 0
34356 0
34359 0
34377 0
34395 0
34416 0
34419 0
34425 0
34446 0
34455 0
34461 1
34464 0
34533 0
34551 0
34623 0
34626 0
34665 0
34668 0
34671 0
34674 0
34794 0
34971 0
35043 0
35046 0
35070 0
35076 0
35145 0
35166 0
35169 0
35172 0
35190 0
35220 0
35289 0
35295 0
35319 0
35325 0
35331 0
35337 0
35358 0
35382 0
35388 0
35409 0
35442 0
35466 0
35472 0
35490 0
35511 0
35556 0
35559 0
35562 0
35598 0
35604 0
35610 0
35661 0
35724 0
35829 0
35865 0
35955 0
35997 0
36006 0
36009 0
36012 0
36063 0
36069 0
36078 0
36090 0
36177 0
36180 0
36195 0
36243 0
36273 0
36438 0
36462 0
36477 0
36483 0
36486 0
36501 0
36507 0
36537 0
36543 0
36558 0
36609 0
36669 0
36684 1
36777 0
36789 0
36828 0
36831 0
36855 0
36858 0
36870 0
36882 0
36885 0
36894 0
36897 0
36957 0
36966 0
36978 0
36981 0
36984 0
36987 0
36993 0
37008 0
37041 0
37044 0
37077 0
37089 0
37098 0
37107 0
37110 0
37128 1
37137 0
37143 0
37296 0
37299 0
37314 0
37320 0
37362 0
37389 1
37398 0
37404 0
37422 0
37443 0
37458 0
37491 0
37569 0
37599 0
37629 0
37641 0
37647 0
37665 0
37668 0
37698 0
37794 0
37797 0
37911 0
37983 0
37989 0
38193 0
38217 0
38346 0
38373 0
38403 0
38412 0
38466 0
38475 0
38490 0
38622 0
38739 0
38757 0
38799 0
38814 0
38856 0
38871 0
38907 0
38928 0
38985 0
38988 0
38991 0
38994 0
39012 0
39033 0
39045 0
39123 0
39126 0
39132 1
39135 0
39138 0
39144 0
39165 0
39171 1
39174 0
39180 0
39183 0
39228 0
39231 0
39234 0
39285 0
39300 0
39303 0
39312 0
39315 0
39324 0
39330 0
39345 0
39375 0
39396 0
39423 1
39519 0
39528 0
39540 0
39543 0
39558 0
39564 0
39567 0
39570 0
39585 0
39588 0
39600 0
39603 0
39642 0
39648 0
39651 0
39654 0
39660 1
39669 0
39672 0
39684 0
39690 0
39702 0
39708 0
39723 0
39726 0
39729 0
39732 0
39735 0
39741 0
39768 0
39774 0
39792 0
39807 0
39855 0
39858 0
39930 0
39933 0
39936 0
39948 0
39954 0
40053 0
40083 0
40116 1
40122 0
40155 1
40188 0
40212 0
40245 0
40311 0
40326 0
40329 0
40332 0
40335 0
40338 0
40344 0
40380 0
40410 0
40476 1
40479 0
40482 0
40518 0
40530 0
40539 0
40593 0
40623 0
40635 0
40662 0
40680 0
40686 0
40695 0
40698 0
40701 0
40704 0
40707 0
40710 0
40713 0
40719 0
40722 0
40725 0
40728 0
40731 0
40734 0
40737 0
40761 0
40764 0
40791 0
40848 0
40866 1
40872 0
40875 0
40878 0
40899 0
40917 0
40923 0
40926 0
40944 0
40953 0
40965 0
41025 0
41061 0
41064 0
41073 0
41133 0
41136 0
41190 0
41193 0
41214 0
41262 0
41280 0
41286 0
41292 0
41307 0
41319 0
41325 0
41328 0
41331 0
41334 0
41337 0
41340 0
41343 0
41346 0
41349 0
41352 0
41355 0
41361 0
41364 0
41388 0
41391 0
41487 0
41517 0
41550 0
41619 0
41628 1
41631 0
41634 0
41658 1
41691 0
41718 0
41727 0
41763 0
41766 0
41775 0
41778 0
41781 0
41793 0
41835 0
41841 0
41856 0
41859 0
41874 0
41898 0
41901 0
41967 0
41976 0
41982 0
41991 0
41994 0
42012 0
42030 0
42039 0
42042 0
42045 0
42054 0
42057 0
42063 0
42066 0
42075 0
42117 0
42126 0
42129 0
42162 0
42198 0
42201 0
42231 0
42243 0
42246 0
42249 0
42252 0
42267 0
42270 0
42273 0
42345 0
42351 0
42354 0
42360 0
42477 0
42486 0
42537 0
42558 0
42561 0
42567 0
42621 0
42642 0
42657 0
42660 0
42663 0
42681 0
42771 0
42777 0
42861 0
42873 0
42879 0
42987 0
43065 0
43068 0
43077 0
43107 0
43110 0
43113 0
43119 0
43131 0
43134 0
43137 0
43152 0
43161 0
43164 0
43167 0
43200 0
43206 0
43254 0
43257 0
43260 0
43272 0
43278 0
43296 0
43350 0
43749 0
43770 0
43800 0
43812 0
43818 0
43989 0
43995 0
44001 1
44025 0
44061 0
44079 0
44109 0
44130 0
44151 0
44190 0
44208 0
44232 0
44268 0
44271 0
44352 0
44361 0
44364 0
44367 0
44373 0
44376 0
44379 0
44388 0
44394 0
44421 0
44457 0
44514 0
44517 0
44526 0
44559 0
44577 0
44610 0
44613 0
44637 0
44640 0
44655 0
44700 0
44709 0
44724 0
44727 0
44739 0
44742 0
44748 0
44751 0
44754 0
44757 0
44766 0
44769 0
44772 0
44808 0
44817 0
44820 0
44826 0
44832 0
44835 0
44838 0
44862 0
44889 0
44925 0
44928 0
44931 0
44940 0
45027 0
45048 0
45057 0
45123 0
45156 0
45162 0
45186 0
45213 0
45237 0
45240 0
45243 0
45252 0
45291 0
45300 0
45318 0
45342 0
45387 0
45390 0
45396 0
45405 0
45432 0
45435 0
45480 0
45498 0
45519 0
45555 0
45576 0
45582 0
45588 0
45621 0
45627 0
45645 0
45714 0
45720 0
45732 0
45759 0
45762 0
45837 0
45846 0
45870 0
45873 0
45951 0
45957 0
46008 0
46023 0
46062 0
46089 0
46116 0
46131 0
46134 0
46158 0
46197 0
46200 0
46206 0
46365 0
46434 0
46467 0
46476 0
46491 0
46494 0
46500 0
46503 0
46506 0
46521 0
46545 0
46548 0
46551 0
46554 0
46557 0
46620 0
46638 0
46641 0
46644 0
46650 0
46674 0
46707 0
46710 0
46728 0
46737 0
46773 0
46779 0
46812 0
47073 0
47136 0
47211 0
47214 0
47244 0
47343 0
47352 0
47361 0
47364 0
47367 0
47370 0
47373 0
47376 0
47409 0
47412 0
47433 0
47448 0
47451 0
47454 0
47457 0
47460 0
47463 0
47466 0
47469 0
47472 0
47475 0
47478 0
47484 0
47487 0
47508 0
47511 0
47514 0
47526 0
47529 0
47568 1
47640 0
47676 0
47691 0
47694 0
47697 0
47700 0
47703 0
47715 0
47733 0
47745 0
47757 0
47763 0
47772 0
47775 0
47778 0
47781 0
47796 0
47802 0
47808 0
47817 0
47820 0
47823 0
47835 0
47844 0
47847 0
47850 0
47874 0
47886 0
47979 0
47982 0
48003 0
48021 0
48024 0
48027 0
48030 0
48033 0
48036 0
48039 0
48042 0
48045 0
48048 0
48051 0
48054 0
48060 0
48063 0
48084 0
48144 0
48201 0
48216 0
48231 0
48234 0
48246 0
48249 1
48252 0
48255 0
48279 1
48339 0
48381 0
48399 0
48585 0
48588 0
48657 0
48711 0
48780 0
48912 0
48954 0
48978 0
48996 0
49005 0
49098 0
49149 0
49155 0
49209 0
49257 0
49272 0
49275 0
49281 0
49296 0
49335 0
49359 0
49383 0
49410 0
49413 0
49440 0
49443 0
49476 0
49548 0
49575 0
49638 0
49665 0
49674 0
49746 0
49818 0
49923 0
49926 0
49929 0
49935 0
49944 0
50055 0
50070 0
50076 0
50079 0
50082 0
50085 0
50172 1
50211 0
50217 0
50241 0
50262 1
50337 0
50346 0
50430 0
50526 0
50544 0
50547 0
50583 0
50646 0
50652 0
50655 0
50676 0
50679 0
50763 0
50778 0
50802 0
50805 0
50808 0
50961 0
51030 0
51102 0
51120 0
51150 0
51168 0
51198 0
51255 0
51288 0
51423 0
51501 0
51525 0
51528 0
51531 0
51534 0
51537 0
51555 0
51558 0
51561 0
51639 0
51717 0
51726 0
51759 0
51762 0
51801 0
51837 0
51906 0
51909 0
52065 0
52104 0
52110 0
52143 0
52209 0
52248 0
52260 0
52308 0
52392 0
52398 0
52404 0
52443 0
52488 0
52491 0
52536 0
52557 0
52623 0
52626 0
52653 0
52725 0
52785 0
52821 0
52884 0
52983 0
52986 0
53022 0
53031 0
53076 0
53118 0
53124 0
53127 0
53136 0
53148 0
53151 0
53163 0
53208 0
53277 0
53388 0
53415 0
53445 0
53463 0
53466 0
53490 0
53496 0
53523 0
53559 0
53571 0
53574 0
53580 0
53583 0
53586 0
53598 0
53778 0
53835 0
53892 0
53937 0
54054 0
54087 0
54114 0
54129 0
54138 0
54144 0
54147 0
54219 0
54231 0
54240 0
54243 0
54246 0
54273 0
54315 0
56685 0
56727 0
56763 0
56778 1
56832 0
56838 1
56880 0
56901 0
56913 0
56916 0
56925 0
56937 0
56940 0
56952 0
56961 0
56964 0
57027 0
57030 0
57060 0
57063 0
57072 0
57096 0
57099 0
57102 1
57114 0
57138 0
57150 0
57156 0
57159 0
57162 0
57183 1
57189 0
57192 0
57195 0
57216 0
57228 0
57234 0
57249 0
57258 0
57264 0
57270 0
57288 0
57300 0
57318 0
57333 0
57423 0
57429 0
57681 0
57741 0
57831 0
57840 0
57897 0
57900 0
57918 0
57927 0
57939 0
57945 0
57975 0
57990 0
58002 0
58005 0
58035 0
58095 0
58107 0
58110 0
58167 0
58179 0
58242 0
58332 0
58374 0
58377 0
58446 0
58458 0
58554 0
58647 0
58683 0
58770 0
58785 0
58860 0
58863 0
58866 0
58893 0
58923 0
58926 0
58929 0
59121 0
59274 0
59340 0
59370 0
59799 0
59808 0
59862 0
59949 0
59952 0
60021 0
60063 0
60141 0
60150 0
60237 0
60378 0
60441 0
60528 0
60552 0
60591 0
60609 0
60612 0
60660 0
60678 0
60681 0
60750 0
60795 0
60837 0
60945 0
60984 0
61008 0
61011 0
61014 0
61062 0
61140 0
61215 0
61317 0
61338 0
61659 0
61734 0
61890 0
61947 0
61956 0
61965 0
61998 0
62049 0
62061 0
62082 0
62100 0
62235 0
62244 0
62268 0
62370 0
62406 0
62442 0
62445 0
62460 0
62475 0
62517 0
62520 0
62532 0
62556 0
62562 0
62595 0
62601 0
62640 0
62703 0
62715 0
62727 0
62778 0
62820 0
62823 0
62892 0
62901 0
63030 0
63057 0
63066 0
63135 0
63162 0
63165 0
63168 0
63306 0
63309 0
63399 0
63471 0
63489 0
63501 0
63504 0
63525 0
63537 0
63546 0
63549 0
63573 0
63576 0
63591 0
63594 0
63627 0
63672 0
63678 0
63681 0
63738 0
63882 0
63903 0
63918 0
63966 0
64023 0
64053 0
64083 0
64134 0
64137 0
64140 0
64194 0
64197 0
64200 0
64203 0
64206 0
64209 0
64212 0
64218 0
64239 0
64290 0
64332 0
64389 0
64404 0
64428 0
64437 0
64449 0
64479 0
64482 0
64500 0
64524 0
64545 0
64548 0
64551 0
64554 0
64572 0
64578 0
64599 0
64647 0
64674 0
64677 0
64692 0
64713 0
64719 0
64734 0
64749 0
64758 0
64761 0
64905 0
64914 0
64983 0
64986 0
65022 0
65067 0
65073 0
65079 0
65085 0
65088 0
65130 0
65184 0
65205 0
65211 0
65226 0
65232 0
65235 0
65247 0
65250 0
65268 0
65283 0
65286 0
65322 0
65325 0
65361 0
65529 0
65532 0
65652 0
65739 0
65742 0
65796 0
65799 0
65805 0
65817 0
65880 0
65901 0
65916 0
65925 0
65928 0
65955 0
65958 0
65985 0
66009 0
66051 0
66060 0
66066 0
66072 0
66078 0
66096 0
66120 0
66156 0
66159 0
66204 0
66207 0
66210 0
66213 0
66228 0
66312 0
66336 0
66459 0
66468 0
66492 0
66528 0
66567 0
66576 0
66579 0
66609 0
66684 0
66756 0
66759 0
66774 0
66927 0
66930 0
66939 0
66954 0
66963 0
66987 0
67041 0
67062 0
67095 0
67098 0
67239 0
67263 0
67269 0
67272 0
67446 0
67482 0
67488 0
67494 0
67500 0
67506 0
67584 0
67623 0
67635 0
67644 0
67653 0
67716 0
67722 0
67731 0
67734 0
67776 0
67857 0
67887 0
68025 0
68052 0
68076 0
68121 0
68193 0
68202 0
68460 0
68511 0
68517 0
68532 0
68541 0
68550 0
68772 0
68823 0
68826 0
68829 0
68841 0
68850 0
68868 0
68871 0
68877 0
68904 0
68943 0
68961 0
68967 0
69129 0
69162 0
69237 0
69255 0
69318 0
69351 0
69387 0
69402 0
69444 0
69561 0
69888 0
69891 0
69909 0
70023 0
70080 0
70107 0
70110 0
70368 0
70491 0
71040 0
71082 0
72036 0
72069 0
72075 0
72192 0
72396 0
72858 0
72951 0
72966 0
73176 0
73179 0
73215 0
73224 0
73317 0
73347 0
73371 0
73407 0
74040 0
74118 0
74139 0
74169 0
74238 0
74367 0
74472 0
74475 0
74514 0
74520 0
74568 0
74937 0
74943 0
75033 0
75078 0
75081 0
75084 0
75096 0
75159 0
75183 0
75204 0
75207 0
75210 0
75258 0
75261 0
75285 0
75432 0
75468 0
75474 0
75480 0
75486 0
75498 0
75564 0
75567 0
75717 0
75804 0
75819 0
76113 0
76125 0
76188 0
76224 0
76302 0
76308 0
76314 0
76317 0
76362 0
76365 0
76371 0
76530 0
76533 0
76536 0
76563 0
76566 0
76635 0
76644 0
76677 0
76701 0
76728 0
76758 0
76767 0
76917 0
76920 0
76947 0
76953 0
76977 0
76983 0
76986 0
76989 0
77085 0
77097 0
77112 0
77121 0
77130 0
77133 0
77136 0
77190 0
77193 0
77319 0
77322 0
77325 0
77412 0
77424 0
77427 0
77430 0
77439 0
77445 0
77451 0
77517 0
77526 0
77535 0
77559 0
77562 0
77610 0
77613 0
77619 0
77640 0
77703 0
77706 0
77775 0
77877 0
77955 0
77958 0
77973 0
78057 0
78084 0
78132 0
78183 0
78207 0
78291 0
78318 0
78327 0
78378 0
78411 0
78447 0
78561 0
78564 0
78591 0
78612 0
78663 0
78717 0
78720 0
78723 0
78732 0
78747 0
78750 0
78786 0
78810 0
78933 0
78969 0
78990 0
79005 0
79023 0
79026 0
79029 0
79032 0
79041 0
79086 0
79188 0
79338 0
79365 0
79392 0
79395 0
79407 0
79416 1
79419 0
79422 0
79569 0
79572 0
79581 0
79599 0
79647 0
79656 0
79662 0
79665 0
79716 0
79731 0
79737 0
79740 0
79770 0
79794 0
79860 0
79923 0
80025 0
80046 0
80049 0
80052 0
80058 0
80061 0
80073 0
80097 0
80100 0
80112 0
80118 0
80124 0
80127 0
80133 0
80148 0
80151 0
80184 0
80193 0
80196 0
80202 0
80205 0
80271 0
80283 0
80298 0
80328 0
80388 0
80451 0
80454 0
80463 0
80466 0
80469 0
80481 0
80499 0
80502 0
80505 0
80514 0
80517 0
80520 0
80526 0
80544 0
80547 0
80550 0
80568 0
80571 0
80580 0
80595 0
80616 0
80625 0
80673 0
80679 0
80733 0
80769 0
80802 0
80805 0
80817 0
80820 0
80823 0
80826 0
80838 0
80847 0
80883 0
81015 0
81093 0
81108 0
81114 0
81117 0
81153 0
81171 0
81204 0
81213 0
81225 0
81228 0
81255 0
81261 0
81279 0
81282 0
81318 0
81324 0
81327 0
81360 0
81363 0
81405 0
81417 0
81432 0
81435 0
81441 0
81456 0
81468 0
81522 1
81525 0
81531 0
81534 0
81537 0
81558 0
81561 0
81564 0
81582 0
81588 0
81591 0
81612 0
81699 0
81705 0
81708 0
81780 0
81813 0
81837 0
81843 0
81900 0
81903 0
81921 0
81930 0
81933 0
81948 0
81999 0
82017 0
82020 0
82056 1
82113 0
82119 0
82125 0
82131 0
82161 0
82176 0
82194 0
82203 0
82260 0
82263 0
82338 0
82398 0
82482 0
82488 0
82491 0
82500 0
82506 0
82509 0
82551 0
82575 0
82656 0
82659 0
82683 0
82686 0
82761 0
82791 0
82836 0
82848 0
82851 0
82857 0
82863 0
82866 0
82893 0
82905 0
82908 0
82911 0
82914 0
82929 0
82950 0
82962 0
82986 0
82989 0
83004 0
83079 0
83115 0
83118 0
83121 0
83124 0
83136 0
83139 0
83148 1
83151 0
83160 0
83175 0
83181 0
83187 0
83190 0
83196 0
83199 0
83214 0
83223 0
83241 0
83259 0
83262 0
83274 0
83280 0
83334 1
83391 0
83403 0
83406 0
83421 0
83457 0
83478 0
83484 0
83487 0
83490 0
83505 0
83592 0
83598 0
83610 0
83625 0
83718 0
83730 0
83736 0
83760 0
83796 0
83805 0
83808 0
83814 0
84051 0
84060 0
84081 0
84108 0
84114 0
84120 0
84126 0
84135 0
84168 0
84180 0
84231 0
84273 0
84348 0
84393 0
84399 0
84408 0
84420 0
84426 0
84435 0
84438 0
84441 0
84444 0
84450 0
84453 0
84456 0
84459 0
84468 0
84498 0
84501 0
84507 0
84510 0
84522 0
84561 0
84600 0
84624 0
84648 0
84663 0
84693 0
84735 0
84738 0
84762 0
84813 0
84909 0
84954 0
85176 0
85179 0
85227 0
85311 0
85323 0
85326 0
85329 0
85332 0
85335 0
85338 0
85392 0
85410 0
85416 0
85461 0
85476 0
85479 0
85482 0
85485 0
85488 0
85509 0
85527 0
85572 0
85587 0
85590 0
85593 0
85596 0
85599 0
85602 0
85608 0
85629 0
85632 0
85647 0
85662 0
85668 0
85719 0
85740 0
85755 0
85767 0
85791 0
85824 0
85845 0
85848 0
85851 0
85914 0
85917 0
85950 0
85962 0
85974 0
85977 0
85995 0
85998 0
86001 0
86019 0
86031 0
86061 0
86082 0
86121 0
86157 0
86169 0
86172 0
86178 0
86181 0
86190 0
86193 0
86196 0
86202 0
86205 0
86211 0
86214 0
86244 0
86268 0
86286 0
86298 0
86319 0
86322 0
86364 0
86382 0
86385 0
86427 0
86430 0
86436 0
86475 0
86478 0
86481 0
86511 0
86709 0
19 0
20 0
22 0
23 0
25 0
28 0
32 0
35 0
37 0
38 0
40 0
46 0
47 0
49 0
50 0
52 0
53 0
56 0
61 0
65 0
67 0
68 0
70 0
71 0
79 0
82 0
85 0
86 0
89 0
95 0
97 0
98 0
100 0
101 0
107 0
112 0
113 0
115 0
118 0
119 0
121 0
128 0
130 0
131 0
133 0
140 0
142 0
149 0
152 0
160 0
167 0
169 0
172 0
176 0
178 0
181 0
190 0
191 0
194 0
199 0
206 0
332 0
337 1
556 0
559 0
808 0
986 0
1148 0
1217 0
1433 0
1435 0
1438 0
1444 0
1448 0
1450 0
1451 0
1453 0
1478 0
1495 0
1496 0
1517 0
1579 0
1580 0
1601 0
1607 0
1618 1
1619 0
1621 0
1622 0
1627 0
1628 0
1655 0
1660 0
1676 0
1679 0
1684 0
1685 0
1687 0
1688 0
1690 0
1693 0
1696 0
1697 0
1699 0
1700 0
1703 0
1720 0
1726 0
1729 0
1730 0
1732 0
1735 0
1736 0
1738 0
1739 1
1747 0
1753 0
1754 0
1765 0
1772 0
1801 0
1811 0
1822 0
1823 0
1825 0
1826 0
1828 0
1829 0
1832 1
1915 0
1916 0
1990 0
1991 0
2014 0
2027 0
2042 0
2047 0
2054 0
2057 0
2068 0
2069 0
2071 0
2086 0
2089 0
2096 0
2099 0
2101 0
2102 0
2104 0
2111 0
2155 0
2170 0
2174 0
2189 0
2207 0
2218 0
2219 0
2221 0
2222 0
2224 0
2225 0
2228 0
2230 0
2233 0
2237 0
2252 0
2287 0
2288 0
2294 0
2297 0
2314 0
2363 0
2365 0
2368 0
2369 0
2375 0
2387 0
2395 0
2398 0
2404 1
2407 0
2422 0
2423 0
2432 0
2450 0
2479 0
2480 0
2491 0
2492 0
2530 0
2531 0
2546 0
2548 0
2549 0
2560 0
2561 0
2563 0
2564 0
2567 0
2576 0
2578 0
2615 0
2617 0
2618 0
2621 0
2624 0
2626 0
2627 0
2632 0
2635 0
2636 0
2638 0
2651 0
2653 0
2654 0
2656 0
2659 0
2669 0
2675 0
2680 0
2681 0
2684 0
2692 1
2704 0
2723 0
2731 0
2732 0
2738 0
2743 0
2744 0
2755 0
2756 0
2761 0
2762 0
2821 0
2834 0
2837 0
2866 1
2873 1
2884 0
2888 1
2890 0
2891 1
2893 0
2896 0
2902 0
2911 0
2915 0
2918 0
2926 0
2927 0
2929 0
2930 1
2932 0
2936 0
2942 0
2950 0
2951 1
2953 0
2957 0
2959 0
2965 0
2966 0
2968 0
2989 0
2993 1
2998 1
3002 0
3013 0
3025 0
3026 0
3029 0
3032 0
3034 0
3038 1
3050 0
3056 0
3058 0
3064 0
3067 0
3071 0
3076 0
3077 1
3079 1
3095 0
3097 0
3098 0
3107 0
3109 0
3110 0
3115 0
3116 0
3152 0
3155 0
3194 0
3197 0
3206 0
3218 0
3233 0
3241 0
3257 0
3269 0
3272 0
3277 0
3286 0
3287 0
3307 1
3308 0
3323 0
3371 1
3409 1
3410 0
3413 0
3415 1
3416 0
3419 0
3425 0
3430 0
3431 0
3434 1
3440 1
3445 1
3451 0
3452 1
3457 0
3461 0
3464 0
3476 0
3487 0
3533 0
3550 0
3554 0
3556 0
3557 0
3559 0
3560 0
3563 0
3571 0
3572 0
3574 0
3575 0
3578 0
3583 0
3584 0
3586 0
3592 1
3593 0
3601 0
3604 0
3610 0
3611 0
3616 1
3617 0
3626 0
3629 0
3634 0
3637 0
3640 0
3655 0
3656 0
3665 0
3674 0
3686 1
3688 0
3689 0
3706 0
3710 0
3713 0
3719 0
3722 0
3737 0
3743 0
3764 0
3766 0
3785 0
3791 0
3793 0
3796 1
3802 0
3806 0
3808 0
3815 0
3817 0
3827 0
3829 0
3833 0
3838 0
3839 0
3847 0
3848 0
3850 0
3851 0
3856 1
3857 0
3866 0
3874 0
3878 0
3893 0
3895 0
3896 0
3899 0
3902 0
3907 1
3910 0
3914 0
3920 0
3925 0
3926 0
3934 0
3941 0
3950 0
3962 0
3964 0
3965 0
3973 0
3974 0
3982 0
3994 0
3995 0
4003 0
4009 0
4010 0
4022 0
4028 0
4033 0
4034 0
4036 0
4037 0
4040 0
4058 0
4060 0
4079 0
4081 0
4082 0
4088 0
4109 0
4121 0
4133 0
4138 0
4139 0
4145 0
4148 0
4162 1
4168 0
4174 0
4196 0
4207 0
4210 0
4214 0
4229 0
4244 0
4246 0
4252 0
4253 0
4255 0
4261 0
4286 0
4294 0
4300 0
4309 0
4312 0
4322 0
4348 0
4352 0
4369 0
4372 0
4376 0
4390 0
4391 0
4402 0
4414 0
4415 0
4418 0
4433 0
4448 0
4456 0
4468 0
4477 0
4480 0
4484 0
4486 0
4487 0
4489 1
4490 0
4492 0
4498 0
4499 0
4501 0
4502 0
4504 0
4511 1
4519 0
4534 0
4538 0
4556 0
4558 0
4559 0
4564 0
4565 0
4567 0
4568 0
4573 0
4610 0
4612 0
4613 0
4625 0
4630 0
4631 0
4637 0
4642 0
4643 0
4655 0
4658 0
4660 0
4666 0
4682 0
4688 0
4696 0
4709 0
4715 0
4717 0
4724 0
4727 0
4732 0
4757 0
4759 0
4768 0
4769 0
4777 0
4784 0
4789 0
4793 0
4813 1
4814 0
4823 0
4832 0
4844 0
4849 0
4868 0
4895 0
4897 0
4901 0
4915 0
4918 0
4921 0
4925 0
4928 0
4931 0
4934 0
4936 0
4948 0
4949 0
4960 1
4967 0
4990 0
4991 0
4997 0
4999 0
5000 0
5009 0
5011 0
5015 1
5024 1
5036 0
5041 0
5042 0
5048 0
5056 1
5062 1
5063 0
5066 0
5072 0
5083 0
5096 0
5099 0
5102 0
5116 0
5120 0
5134 0
5144 0
5153 0
5170 0
5173 0
5174 0
5191 0
5192 0
5198 0
5200 0
5204 0
5225 0
5230 1
5263 0
5270 0
5272 0
5275 1
5297 0
5300 0
5308 0
5311 0
5318 0
5320 0
5342 0
5356 0
5375 0
5384 0
5386 0
5405 1
5408 0
5410 1
5411 0
5419 0
5425 0
5437 0
5441 0
5447 0
5453 0
5470 0
5482 0
5486 0
5488 0
5491 0
5494 0
5504 0
5518 0
5521 0
5522 0
5527 0
5533 0
5534 0
5537 0
5540 0
5546 0
5557 0
5558 1
5564 0
5570 0
5572 0
5587 0
5596 0
5600 0
5609 0
5611 0
5614 0
5615 0
5617 0
5618 0
5626 1
5641 0
5644 0
5645 0
5647 0
5648 0
5678 0
5698 0
5699 0
5705 0
5707 0
5710 0
5731 0
5734 0
5744 0
5768 0
5770 0
5771 0
5777 0
5792 0
5806 0
5810 0
5828 0
5836 0
5837 0
5839 0
5846 0
5855 0
5857 0
5870 0
5884 0
5885 0
5887 0
5888 0
5890 0
5902 1
5915 0
5927 0
5929 0
5930 0
5932 0
5936 0
5938 0
5939 0
5947 0
5948 0
5951 0
5957 0
5977 0
5980 0
5989 0
6004 0
6005 0
6031 0
6032 0
6034 0
6037 0
6041 0
6052 0
6053 0
6056 0
6076 1
6083 0
6086 0
6092 0
6095 0
6110 0
6116 0
6119 0
6133 0
6136 0
6161 0
6172 0
6175 0
6187 1
6188 0
6191 1
6193 0
6197 0
6199 0
6206 0
6208 0
6218 0
6220 0
6224 0
6229 0
6230 0
6236 1
6238 1
6239 1
6247 0
6248 0
6250 0
6251 0
6256 1
6257 0
6266 0
6274 0
6278 0
6293 0
6295 0
6296 0
6299 0
6302 0
6307 1
6311 0
6325 0
6326 0
6328 0
6335 0
6346 0
6349 0
6350 0
6358 0
6359 0
6361 0
6362 0
6365 0
6382 0
6389 0
6397 0
6404 0
6407 0
6409 0
6415 0
6416 0
6424 0
6425 0
6427 0
6428 0
6442 0
6452 0
6454 0
6463 0
6472 0
6473 0
6481 0
6508 0
6514 0
6517 0
6520 0
6526 1
6530 0
6532 0
6553 0
6554 1
6559 0
6560 0
6566 0
6571 0
6577 0
6599 0
6601 0
6602 0
6613 0
6616 0
6619 0
6628 0
6634 0
6647 0
6649 0
6658 0
6691 0
6704 0
6710 0
6713 0
6719 1
6725 0
6727 0
6734 0
6737 1
6743 0
6746 0
6752 0
6757 0
6779 0
6781 0
6782 0
6787 0
6790 0
6797 0
6799 0
6812 0
6832 0
6833 0
6835 0
6836 0
6842 0
6857 0
6865 0
6877 0
6886 0
6889 0
6895 0
6896 0
6898 0
6899 1
6901 0
6905 0
6910 0
6913 0
6917 0
6922 1
6923 0
6929 0
6944 0
6952 0
6961 0
6964 0
6968 0
6973 0
6974 0
6976 0
6977 0
6979 0
6985 0
7022 0
7024 0
7025 0
7039 0
7040 0
7046 0
7049 0
7052 0
7057 0
7058 0
7070 0
7073 0
7075 0
7081 0
7097 0
7103 0
7114 0
7117 0
7123 0
7124 0
7126 0
7132 0
7138 0
7139 0
7165 1
7166 0
7174 0
7175 0
7180 0
7183 0
7184 0
7196 0
7198 0
7220 1
7222 0
7237 0
7246 0
7256 0
7279 0
7294 0
7303 0
7304 0
7309 0
7312 0
7321 0
7322 0
7325 0
7328 0
7343 0
7348 0
7354 0
7355 0
7360 0
7367 1
7384 0
7397 0
7405 0
7406 0
7418 0
7423 1
7432 0
7448 0
7450 0
7465 1
7466 0
7469 0
7475 0
7486 0
7499 0
7502 0
7505 0
7519 0
7523 0
7537 0
7547 0
7556 0
7573 0
7576 0
7577 0
7594 0
7595 0
7601 0
7603 0
7607 0
7628 0
7633 1
7648 0
7666 0
7673 0
7675 0
7678 1
7700 0
7703 0
7711 0
7714 0
7721 0
7723 0
7745 0
7751 0
7757 0
7777 0
7786 0
7787 0
7793 0
7807 1
7808 1
7810 0
7811 0
7813 0
7817 0
7826 0
7843 0
7849 0
7850 0
7855 0
7870 0
7882 0
7886 0
7888 0
7900 0
7904 0
7916 1
7918 0
7922 1
7930 0
7933 0
7936 0
7942 0
7952 0
7967 0
7982 0
7991 0
7993 0
8005 1
8006 0
8009 0
8011 0
8012 0
8014 1
8021 1
8032 0
8036 0
8038 0
8039 0
8051 0
8054 0
8075 0
8095 0
8096 0
8102 0
8104 0
8107 0
8128 0
8131 0
8141 0
8165 0
8167 0
8168 0
8174 0
8189 0
8203 0
8207 0
8227 0
8231 0
8234 0
8240 0
8249 0
8251 0
8264 0
8278 0
8279 0
8281 0
8282 0
8284 0
8296 1
8309 0
8321 0
8323 0
8324 0
8326 0
8330 0
8332 0
8333 0
8341 0
8342 0
8345 0
8351 0
8371 0
8374 0
8383 0
8398 0
8399 0
8425 0
8426 0
8428 0
8431 0
8435 0
8446 0
8447 0
8455 0
8458 0
8459 0
8471 0
8486 0
8489 0
8491 0
8495 0
8497 0
8509 0
8515 0
8524 0
8533 0
8534 0
8545 0
8548 0
8549 0
8552 0
8555 0
8564 0
8566 0
8567 0
8572 0
8575 1
8576 1
8578 0
8582 0
8587 0
8593 1
8600 1
8602 1
8605 1
8609 0
8615 0
8618 0
8620 0
8623 0
8636 0
8641 0
8642 0
8648 0
8654 1
8659 1
8675 0
8695 0
8705 1
8714 0
8719 0
8720 0
8725 0
8726 1
8728 1
8729 0
8735 0
8743 0
8746 0
8758 0
8770 0
8777 0
8780 0
8785 0
8786 0
8789 0
8791 0
8798 0
8804 1
8806 0
8821 1
8827 0
8831 0
8839 0
8845 0
8848 0
8876 1
8894 0
8896 0
8897 0
8915 0
8920 0
8921 0
8930 0
8936 0
8944 0
8945 0
8948 0
8950 0
8956 0
8965 0
8969 1
8972 0
8992 1
9001 1
9004 0
9010 0
9016 0
9023 0
9031 0
9037 0
9038 0
9043 0
9044 0
9046 0
9067 0
9082 0
9086 0
9098 0
9118 0
9119 0
9127 0
9128 0
9130 0
9133 0
9136 0
9137 0
9149 0
9152 0
9157 0
9166 0
9170 0
9176 0
9178 0
9179 0
9188 0
9191 0
9194 0
9218 0
9247 1
9262 0
9268 0
9277 0
9299 0
9301 0
9316 1
9319 0
9334 0
9335 0
9337 0
9338 0
9346 0
9355 0
9358 0
9365 0
9371 0
9379 0
9380 0
9382 0
9383 0
9388 0
9392 0
9404 0
9407 0
9413 0
9415 1
9451 0
9461 0
9463 0
9469 0
9475 0
9476 0
9490 0
9494 1
9499 0
9509 0
9533 0
9535 0
9545 0
9548 0
9554 0
9569 0
9578 0
9580 0
9583 0
9586 0
9589 0
9592 0
9598 0
9610 0
9623 0
9626 0
9632 0
9638 0
9643 0
9644 0
9650 0
9662 0
9665 0
9682 0
13339 0
13349 0
13354 0
13355 0
13357 0
13375 0
13394 0
13399 0
13406 0
13408 0
13409 0
13418 0
13430 0
13435 0
13463 0
13489 0
13511 0
13519 0
13534 0
13535 0
13546 0
13549 0
13552 0
13555 0
13556 0
13558 0
13559 0
13561 0
13570 0
13573 0
13576 0
13622 0
13639 0
13655 0
13681 0
13682 0
13685 0
13691 0
13697 0
13700 0
13702 0
13715 0
13727 0
13729 0
13739 0
13742 0
13793 0
13825 0
13826 0
13829 0
13831 0
13832 0
13835 0
13840 0
13846 0
13847 0
13849 0
13850 0
13859 0
13864 0
13865 0
13868 0
13871 0
13900 0
13901 0
13903 0
13904 0
13906 0
13909 0
13910 0
13925 0
13928 0
13940 0
13964 0
13994 0
14011 0
14027 0
14036 0
14050 0
14068 0
14077 0
14092 0
14096 0
14098 0
14099 0
14105 0
14108 0
14119 0
14129 0
14147 0
14168 0
14174 0
14176 0
14227 0
14228 0
14230 0
14231 0
14233 0
14236 0
14240 0
14245 0
14261 0
14269 0
14270 0
14273 0
14300 0
14303 0
14314 0
14323 0
14324 0
14371 0
14374 0
14375 0
14377 0
14378 0
14380 0
14381 0
14396 0
14398 0
14399 0
14402 0
14404 0
14410 0
14416 0
14422 0
14429 0
14473 0
14474 0
14477 0
14480 0
14482 0
14515 0
14516 0
14518 0
14519 0
14521 0
14530 0
14531 0
14537 0
14576 0
14582 0
14584 0
14596 0
14603 0
14644 0
14665 0
14681 0
14704 0
14705 0
14720 0
14723 0
14725 0
14731 0
14734 0
14756 0
14762 0
14792 0
14794 0
14800 0
14827 0
14851 0
14864 0
14866 0
14867 0
14870 0
14872 0
14875 0
14879 0
14882 0
14896 1
14897 0
14900 0
14902 0
14911 0
14912 0
14921 0
14956 0
14962 1
14965 0
14989 0
14995 0
15025 0
15034 0
15073 0
15074 0
15076 0
15077 0
15079 0
15118 0
15122 0
15158 0
15199 0
15200 0
15203 0
15205 0
15223 0
15259 0
15266 0
15269 0
15277 0
15283 0
15286 0
15287 0
15304 1
15316 0
15319 0
15320 0
15322 0
15325 0
15352 0
15356 0
15359 0
15364 0
15379 0
15380 0
15397 0
15415 0
15442 0
15449 0
15473 0
15482 0
15487 0
15488 0
15490 0
15491 0
15493 0
15494 0
15496 0
15497 0
15499 0
15500 0
15502 0
15503 0
15505 0
15506 0
15508 0
15509 0
15511 0
15512 0
15514 0
15515 0
15517 0
15518 0
15521 0
15523 0
15524 0
15526 0
15536 0
15547 0
15553 0
15554 0
15556 0
15557 0
15559 0
15565 0
15566 0
15586 1
15590 0
15626 1
15731 0
15752 0
15754 0
15763 0
15764 0
15767 0
15773 0
15805 0
15806 0
15812 0
15821 0
15836 0
15862 0
15865 0
15869 0
15874 0
15877 0
15881 0
15887 0
15908 0
15916 0
15917 0
15919 0
15920 1
15932 0
15934 0
15935 0
15953 0
15958 0
15962 0
16004 0
16036 0
16063 0
16064 0
16066 0
16069 0
16070 0
16072 0
16073 0
16075 0
16082 0
16085 0
16087 0
16088 0
16093 0
16094 0
16097 0
16099 0
16105 0
16106 0
16112 0
16114 0
16117 0
16118 0
16126 0
16135 0
16136 0
16138 0
16139 0
16153 0
16157 0
16159 0
16163 0
16165 0
16168 0
16195 0
16225 0
16228 1
16229 0
16310 0
16321 0
16322 0
16324 0
16325 0
16333 0
16336 0
16337 0
16342 0
16343 0
16346 0
16351 0
16357 0
16358 0
16391 0
16397 0
16417 0
16445 0
16480 0
16487 0
16504 0
16508 0
16510 0
16522 0
16540 0
16543 0
16546 0
16592 0
16645 0
16682 0
16721 0
16760 0
16784 0
16919 0
16994 0
16996 0
17056 0
17057 0
17066 0
17077 0
17081 0
17084 0
17087 0
17105 0
17137 0
17144 0
17146 0
17158 0
17189 0
17296 0
17302 0
17303 0
17308 0
17320 0
17336 0
17353 0
17371 0
17372 0
17380 0
17383 0
17384 0
17398 0
17399 0
17401 0
17410 0
17411 0
17417 0
17464 0
17468 0
17494 0
17504 0
17536 0
17537 0
17618 0
17654 0
17665 0
17764 1
17807 0
17809 0
17843 0
17864 0
17866 0
17876 0
17891 1
17950 0
17966 0
18041 0
18043 0
18070 0
18079 0
18343 0
18346 0
18347 1
18388 0
18389 0
18457 0
18463 0
18481 0
18503 0
18509 0
18527 0
18538 0
18544 0
18562 0
18565 0
18824 0
18926 0
18989 0
19024 0
19036 0
19037 0
19040 0
19088 0
19153 0
19198 0
19207 0
19217 0
19219 0
19220 0
19222 0
19228 0
19232 0
19234 0
19235 0
19237 0
19240 0
19259 0
19274 0
19345 0
19348 0
19354 0
19364 0
19366 0
19367 0
19373 0
19384 0
19456 0
19603 0
19607 0
19759 0
19780 0
19801 0
19855 0
19931 0
20008 0
20038 0
20132 0
20134 0
20135 0
20138 0
20159 0
20180 0
20182 0
20209 0
20227 0
20317 0
20357 0
20402 0
20414 0
20513 0
20516 0
20536 0
20546 0
20548 0
20549 0
20551 0
20552 0
20623 0
20642 0
20657 0
20753 0
20755 0
20758 0
20767 0
20768 0
20770 0
20776 0
20777 0
20779 0
20782 0
20783 0
20785 0
20789 0
20791 0
20804 0
20816 0
20818 0
20848 0
20849 0
20851 0
20852 0
20854 0
20855 0
20860 0
20869 0
20878 0
20888 0
20900 0
20912 0
20914 0
20926 0
20927 0
20953 0
20957 0
20959 0
20960 0
20965 0
20968 0
20969 0
20971 0
20972 0
20974 0
20975 0
20977 0
20978 0
20980 0
20981 0
20984 0
20986 0
20996 0
20998 0
20999 0
21001 0
21005 1
21008 1
21010 0
21011 0
21062 0
21064 0
21067 0
21068 0
21070 0
21071 0
21074 0
21077 0
21079 0
21083 0
21085 0
21086 0
21091 0
21106 0
21109 0
21118 0
21119 0
21127 0
21128 0
21130 0
21133 0
21139 0
21166 0
21167 0
21169 0
21170 0
21176 0
21196 0
21205 0
21217 0
21226 0
21229 0
21232 0
21236 0
21247 0
21248 0
21250 0
21253 0
21257 0
21263 0
21265 0
21266 0
21268 0
21269 0
21271 0
21272 0
21274 0
21275 0
21277 0
21278 0
21280 0
21284 0
21289 0
21298 0
21301 1
21305 0
21343 0
21379 0
21380 0
21386 0
21388 0
21457 0
21476 0
21542 0
21554 0
21556 0
21557 0
21563 0
21587 0
21608 0
21613 0
21614 0
21638 0
21640 0
21680 0
21685 0
21724 0
21727 0
21731 0
21733 0
21760 0
21763 0
21772 0
21775 1
21785 0
21799 0
21800 0
21802 0
21803 0
21806 0
21838 0
21841 0
21863 0
21880 0
21898 0
21911 0
21913 0
21914 0
21916 0
21917 0
21919 0
21920 0
21922 0
21923 0
21925 0
21926 0
21928 0
21929 0
21932 0
21934 0
21935 0
21937 0
21938 0
21940 0
21941 0
21943 0
21944 0
21946 0
21949 0
21950 0
21952 0
21953 0
21971 0
21986 0
21991 0
21992 0
21997 0
22024 0
22025 0
22031 0
22034 0
22073 0
22088 0
22102 0
22118 0
22153 0
22157 0
22189 0
22199 0
22204 0
22205 0
22207 0
22208 0
22276 0
22292 0
22433 1
22501 0
22502 0
22504 0
22505 0
22507 0
22508 0
22510 0
22511 0
22525 0
22528 0
22529 0
22531 0
22532 0
22534 0
22535 0
22552 0
22558 0
22567 0
22568 0
22573 0
22591 0
22610 0
22613 0
22618 0
22619 0
22634 0
22672 0
22679 0
22691 0
22706 0
22727 0
22732 0
22733 0
22745 0
22763 0
22765 0
22772 0
22774 0
22775 0
22781 0
22807 0
22811 0
22813 0
22814 0
22825 0
22826 0
22832 0
22843 0
22846 0
22921 0
22940 0
22957 0
22963 0
22964 0
22967 0
22970 0
23023 0
23035 0
23036 0
23038 0
23053 0
23089 0
23090 0
23092 0
23156 0
23161 0
23182 0
23191 0
23210 0
23213 0
23218 0
23270 0
23335 0
23368 0
23374 0
23426 0
23428 0
23452 0
23453 0
23456 0
23470 0
23539 0
23540 0
23581 0
23582 0
23626 0
23635 0
23636 0
23638 0
23644 0
23647 0
23648 0
23675 0
23677 0
23681 0
23684 0
23720 0
23726 0
23728 0
23729 0
23731 0
23732 0
23734 0
23735 0
23737 0
23753 0
23770 0
23771 0
23797 0
23807 0
23846 0
23849 0
23890 0
23896 0
23903 0
23905 0
23920 0
23927 0
23932 0
23935 0
23938 0
23951 0
23953 0
24005 0
24008 0
24022 0
24089 0
24095 0
24131 0
24139 0
24140 0
24145 0
24146 0
24149 0
24163 0
24164 0
24169 0
24170 0
24173 0
24190 0
24214 0
24215 0
24221 0
24230 0
24257 0
24278 0
24308 0
24313 0
24317 0
24340 0
24341 0
24347 0
24349 0
24350 0
24365 0
24368 0
24440 0
24442 0
24448 0
24452 0
24454 0
24458 0
24470 0
24505 0
24506 0
24538 0
24539 0
24541 0
24568 0
24581 0
24721 0
24722 0
24749 0
24754 0
24758 0
24773 0
24779 0
24782 0
24787 0
24793 0
24812 0
24818 0
24821 0
24826 0
24830 0
24859 0
24860 0
24865 0
24866 0
24917 0
24919 0
24922 0
24974 0
24976 0
24980 1
24997 0
25001 0
25003 0
25004 0
25007 0
25009 0
25012 0
25013 0
25018 0
25025 0
25027 0
25037 0
25043 0
25049 0
25067 0
25072 0
25121 0
25124 0
25141 0
25144 0
25147 0
25219 0
25411 0
25462 0
25468 0
25499 0
25508 0
25558 0
25559 0
25561 0
25562 0
25564 0
25565 0
25567 0
25579 0
25592 0
25594 0
25595 0
25631 0
25639 0
25660 0
25667 0
25675 0
25676 0
25699 0
25718 0
25729 0
25777 0
25784 0
25801 0
25802 0
25837 0
25840 0
25858 0
25873 0
25904 0
25921 0
25942 0
25946 0
25951 0
25994 0
25996 0
26000 0
26002 0
26003 0
26026 0
26035 0
26059 0
26075 0
26081 0
26083 0
26111 0
26113 0
26120 0
26135 0
26137 0
26138 0
26141 0
26143 0
26144 0
26146 0
26149 0
26194 0
26195 0
26201 0
26249 0
26255 0
26258 0
26327 0
26333 0
26342 0
26396 0
26413 0
26435 0
26449 0
26470 0
26488 0
26492 0
26536 0
26537 0
26554 0
26557 0
26558 0
26560 0
26561 0
26563 0
26564 0
26566 0
26567 0
26575 0
26576 0
26578 0
26579 0
26581 0
26582 0
26599 0
26600 0
26602 0
26603 0
26605 0
26606 0
26608 0
26609 0
26612 0
26615 0
26617 0
26620 0
26621 0
26623 0
26626 1
26627 0
26629 1
26630 0
26635 0
26636 0
26662 0
26687 0
26689 0
26704 0
26705 0
26708 0
26723 0
26747 0
26807 1
26809 0
26810 0
26816 0
26819 1
26821 0
26822 0
26825 0
26864 1
26869 0
26873 0
26881 0
26882 0
26890 1
26926 0
26947 0
26950 0
27001 0
27002 0
27071 0
27088 0
27089 0
27091 0
27158 0
27164 0
27170 0
27172 0
27187 0
27305 0
27422 0
27428 0
27446 0
27448 0
27452 0
27473 0
27502 1
27640 0
27641 0
27643 0
27646 0
27647 0
27649 0
27668 0
27680 0
27683 0
27703 0
27704 0
27707 0
27755 0
27757 0
27758 0
27763 0
27764 0
27815 0
27817 0
27818 0
27823 0
27824 0
27835 0
27974 0
27976 0
28181 0
28226 0
28324 0
28339 0
28340 0
28343 0
28379 0
28381 0
28382 0
28384 0
28385 0
28387 0
28388 0
28390 0
28396 0
28397 0
28402 0
28403 0
28430 0
28432 0
28462 0
28463 0
28465 0
28466 0
28469 0
28471 0
28472 0
28478 0
28480 0
28483 0
28484 0
28514 0
28601 0
28603 0
28621 0
28622 0
28624 0
28718 0
28726 0
28733 0
28783 0
28799 0
28817 0
28820 0
28822 0
28835 0
28853 0
28856 0
28870 0
28874 0
28903 0
28907 0
28928 0
28964 0
29309 0
29335 0
29342 0
29363 0
29371 0
29396 0
29405 0
29416 0
29419 0
29420 0
29422 0
29423 0
29426 0
29455 0
29461 0
29462 0
29465 0
29467 0
29468 0
29501 0
29503 0
29504 0
29506 0
29512 0
29513 0
29515 0
29516 0
29518 0
29521 0
29525 0
29527 0
29530 0
29531 0
29534 0
29536 0
29537 0
29542 0
29558 0
29560 0
29561 0
29563 0
29581 0
29584 0
29585 0
29588 0
29591 0
29594 0
29596 0
29597 0
29599 0
29615 0
29618 0
29623 0
29632 0
29633 0
29638 0
29647 0
29651 0
29653 0
29654 0
29657 0
29660 0
29666 0
29707 0
29710 0
29711 0
29713 0
29716 0
29719 0
29750 0
29753 0
29759 0
29776 0
29783 0
29785 0
29788 0
29789 0
29791 0
29792 0
29798 0
29816 0
29819 0
29821 0
29825 0
29833 0
29839 0
29843 0
29845 0
29848 0
29851 0
29855 0
29858 0
29860 0
29863 0
29867 0
29908 0
29911 0
29914 0
29918 0
29929 0
29930 0
29935 0
29941 0
29942 0
29944 0
29945 0
29951 0
29957 0
29959 0
29960 0
29962 0
29963 0
29965 0
29966 0
29968 0
29971 0
29987 0
29998 0
30001 0
30008 0
30010 0
30011 0
30013 0
30014 0
30016 0
30017 0
30019 0
30020 0
30022 0
30025 0
30029 0
30034 0
30041 0
30043 0
30044 0
30046 0
30047 1
30107 0
30143 0
30229 0
30247 0
30296 0
30304 0
30308 0
30317 0
30340 0
30350 0
30364 0
30373 0
30374 0
30377 0
30389 0
30427 0
30428 0
30431 0
30436 0
30437 0
30460 0
30469 0
30478 0
30479 0
30481 0
30482 0
30485 0
30500 0
30514 0
30527 0
30538 0
30541 0
30557 0
30560 0
30673 0
30674 0
30676 0
30679 0
30689 0
30695 0
30698 0
30724 0
30737 0
30805 0
30890 0
31033 0
31096 0
31141 0
31154 0
31156 0
31162 0
31199 0
31202 0
31235 0
31249 0
31271 0
31291 0
31384 0
31424 0
31433 0
31439 0
31484 0
31595 0
31633 0
31651 0
31655 0
31667 0
31702 0
31705 0
31706 0
31708 0
31709 0
31711 0
31712 0
31714 0
31715 0
31717 0
31718 0
31720 0
31721 0
31723 0
31724 0
31726 0
31727 0
31729 0
31732 0
31733 0
31736 0
31738 0
31739 0
31741 0
31742 0
31744 0
31745 0
31747 0
31748 0
31750 0
31751 0
31753 0
31754 0
31756 0
31759 0
31760 0
31763 0
31765 0
31766 0
31768 0
31769 0
31771 0
31772 0
31774 0
31775 0
31777 0
31778 0
31780 0
31781 0
31783 0
31784 0
31786 0
31787 0
31790 0
31792 0
31793 0
31795 0
31796 0
31798 0
31801 0
31802 0
31804 0
31805 0
31807 0
31808 0
31810 0
31811 0
31813 0
31814 0
31816 0
31817 0
31819 0
31820 0
31823 0
31825 0
31826 0
31828 0
31829 0
31831 0
31856 0
31918 0
31919 0
31921 0
31973 0
31978 0
31979 0
31981 0
31982 0
31987 0
32033 0
32042 0
32045 0
32047 0
32048 0
32057 1
32063 0
32078 0
32087 0
32092 0
32114 0
32134 0
32135 0
32137 0
32140 0
32141 0
32149 0
32156 0
32158 0
32162 0
32165 0
32167 0
32168 0
32179 0
32180 0
32183 0
32185 0
32186 0
32201 0
32257 0
32291 1
32293 0
32299 0
32306 0
32308 0
32312 0
32317 0
32345 0
32348 0
32360 0
32378 0
32383 0
32386 0
32413 0
32414 0
32422 0
32431 0
32432 0
32434 0
32443 0
32485 0
32626 0
32641 0
32653 0
32681 0
32716 0
32744 0
32752 0
32758 0
32783 0
32795 0
32797 0
32812 0
32872 0
32876 0
32879 0
32890 0
32918 0
32951 0
32956 0
32966 0
32980 0
32981 0
33004 0
33011 0
33041 0
33049 0
33110 0
33154 0
33172 0
33179 0
33188 0
33191 0
33200 0
33203 0
33205 0
33206 0
33224 0
33226 0
33229 0
33256 0
33257 0
33287 0
33289 0
33305 0
33320 0
33331 0
33334 0
33338 0
33391 0
33394 0
33397 0
33400 0
33406 0
33409 0
33430 0
33431 0
33442 0
33448 0
33469 0
33577 0
33578 0
33580 0
33614 0
33623 0
33647 0
33649 0
33676 0
33686 0
33704 0
33716 0
33727 0
33730 0
33733 0
33767 0
33769 0
33790 0
33791 0
33814 0
33815 0
33835 0
33859 0
33863 0
33886 0
33901 0
33902 0
33926 0
33931 0
33940 0
33947 0
33989 0
34001 0
34015 0
34016 0
34063 0
34069 0
34105 0
34109 0
34111 0
34112 0
34118 1
34138 0
34145 0
34156 0
34159 0
34166 0
34198 0
34273 0
34280 0
34286 0
34288 0
34310 0
34312 0
34313 0
34328 0
34352 0
34357 0
34358 0
34376 0
34411 0
34412 0
34415 0
34424 0
34457 0
34459 0
34460 0
34504 0
34508 0
34516 0
34517 0
34562 0
34582 0
34612 0
34622 0
34624 0
34625 0
34652 0
34654 0
34666 0
34669 0
34673 0
34678 0
34681 0
34693 0
34714 0
34756 0
34795 0
34796 0
34915 0
34987 0
34988 0
35041 0
35059 0
35089 0
35092 0
35116 0
35125 0
35138 0
35164 0
35171 0
35188 0
35192 0
35195 0
35197 0
35198 0
35212 0
35219 0
35221 0
35231 0
35243 0
35255 0
35258 0
35278 0
35279 0
35282 0
35288 0
35290 0
35291 0
35293 0
35294 0
35296 0
35308 0
35309 0
35312 0
35318 0
35320 0
35321 0
35323 0
35324 0
35326 0
35327 0
35329 0
35338 0
35348 0
35363 0
35378 0
35380 0
35389 0
35399 0
35413 0
35422 0
35426 0
35446 0
35465 0
35512 0
35533 0
35542 0
35546 0
35551 0
35552 0
35555 0
35557 0
35558 0
35563 0
35585 0
35594 0
35603 0
35608 0
35609 0
35611 0
35612 0
35650 0
35699 0
35843 0
35887 0
35920 0
35926 0
35927 0
35930 0
35932 0
35938 0
35939 0
35942 0
35956 0
35992 0
35995 0
35998 0
36004 0
36011 0
36016 0
36020 0
36022 0
36025 0
36059 0
36064 0
36080 0
36092 0
36107 0
36110 0
36137 0
36142 0
36176 0
36178 0
36181 0
36182 0
36197 0
36242 0
36274 0
36277 1
36280 0
36281 0
36283 0
36343 0
36344 0
36364 0
36367 0
36407 0
36412 0
36419 0
36479 0
36481 0
36544 0
36569 0
36616 0
36622 0
36626 0
36640 0
36647 0
36667 0
36688 0
36692 0
36694 0
36700 0
36701 1
36722 0
36733 0
36736 0
36755 0
36764 0
36770 0
36772 0
36776 1
36782 0
36784 0
36826 0
36832 0
36833 0
36875 0
36877 0
36886 0
36890 0
36892 0
36898 0
36901 0
36907 0
36910 0
36931 0
36938 0
36952 0
36956 0
36962 0
36974 0
36979 0
36988 0
36989 0
36992 0
37003 0
37004 0
37006 0
37007 0
37009 0
37012 0
37018 0
37040 0
37043 0
37049 0
37066 0
37070 0
37081 0
37087 0
37091 0
37094 0
37102 0
37105 0
37106 0
37108 0
37126 1
37129 0
37132 0
37135 0
37138 0
37151 0
37168 0
37172 0
37205 0
37207 0
37261 0
37262 0
37264 0
37274 0
37301 0
37340 0
37342 0
37343 0
37363 0
37364 0
37366 0
37367 0
37385 0
37390 0
37399 0
37415 0
37442 0
37459 0
37460 0
37492 0
37495 0
37523 0
37531 0
37562 0
37570 0
37589 0
37600 0
37610 0
37622 0
37627 0
37634 0
37639 0
37670 0
37709 0
37765 0
37816 0
37817 0
37820 0
37840 0
37841 0
37843 0
37844 0
37909 0
37910 0
37936 0
37937 0
37981 0
37984 0
37988 0
37990 0
37991 0
37996 0
38194 0
38342 0
38345 0
38371 0
38372 0
38380 0
38434 0
38435 0
38437 0
38438 0
38440 1
38467 0
38543 0
38585 0
38612 0
38659 0
38662 0
38684 0
38689 0
38728 0
38755 0
38770 0
38777 0
38797 0
38815 0
38839 0
38842 0
38845 0
38848 1
38849 0
38852 0
38855 0
38875 0
38921 0
38924 0
38926 0
38938 0
38977 0
38987 0
38989 0
38990 0
38992 0
38993 0
38998 0
39022 0
39034 0
39082 0
39083 0
39085 0
39088 0
39091 0
39106 0
39121 0
39133 0
39134 0
39139 1
39140 0
39142 0
39143 0
39151 0
39152 0
39164 1
39166 0
39167 0
39170 0
39172 0
39175 0
39176 0
39181 0
39197 0
39212 0
39218 0
39221 0
39224 0
39227 1
39235 0
39250 0
39254 0
39269 0
39281 0
39295 0
39296 0
39302 0
39313 0
39316 0
39317 0
39337 0
39341 0
39344 0
39347 0
39389 0
39467 0
39482 0
39496 0
39497 0
39502 0
39521 0
39530 0
39539 0
39541 0
39542 0
39553 0
39554 0
39559 0
39560 0
39562 0
39563 0
39565 0
39568 0
39569 0
39589 0
39590 0
39592 0
39595 0
39598 0
39601 0
39602 0
39608 0
39611 0
39625 0
39632 0
39649 0
39652 0
39653 0
39655 0
39661 0
39662 0
39668 0
39670 0
39673 0
39674 0
39676 0
39677 0
39682 0
39686 0
39697 0
39698 0
39700 0
39701 0
39703 0
39706 0
39710 0
39712 0
39713 0
39715 0
39716 0
39718 0
39719 0
39721 0
39722 0
39724 0
39725 0
39727 0
39728 0
39730 0
39739 0
39740 0
39772 0
39781 0
39793 0
39794 0
39800 0
39806 0
39814 0
39853 0
39854 0
39857 0
39862 0
39898 0
39902 0
39910 0
39928 0
39941 0
39947 0
39959 0
39962 0
39964 0
40040 0
40042 0
40052 1
40096 0
40112 0
40133 0
40160 0
40187 0
40228 0
40285 0
40300 0
40301 0
40303 0
40327 0
40331 0
40333 0
40334 0
40336 0
40337 0
40339 0
40340 0
40342 0
40343 0
40417 0
40423 0
40444 0
40447 0
40448 0
40450 0
40474 0
40481 0
40483 0
40484 0
40501 0
40502 0
40508 0
40522 0
40589 0
40591 0
40592 0
40607 0
40631 0
40633 0
40634 0
40636 0
40661 0
40678 0
40679 0
40684 0
40687 0
40694 0
40696 0
40697 0
40699 0
40700 0
40702 0
40703 0
40705 0
40706 0
40708 0
40709 0
40711 0
40712 0
40714 0
40715 0
40718 0
40720 0
40721 0
40723 0
40724 0
40727 0
40729 0
40730 0
40735 0
40736 0
40738 0
40739 0
40759 0
40762 0
40763 0
40781 1
40786 0
40795 0
40796 0
40861 0
40864 0
40870 0
40871 0
40874 0
40879 0
40892 0
40909 0
40916 0
40924 0
40930 0
40946 0
40951 0
40957 0
40981 0
40984 0
40996 0
40999 0
41000 0
41002 0
41011 0
41024 0
41030 0
41059 0
41063 0
41069 0
41075 0
41077 0
41078 0
41086 0
41093 0
41125 0
41132 0
41134 0
41135 0
41137 0
41138 0
41149 0
41189 0
41194 0
41207 0
41210 0
41212 0
41213 0
41215 0
41227 0
41281 0
41290 0
41291 0
41293 0
41302 1
41305 0
41306 0
41308 0
41312 0
41320 0
41323 0
41324 0
41326 0
41327 0
41329 0
41330 0
41332 0
41333 0
41335 0
41336 0
41338 0
41339 0
41341 0
41342 0
41344 0
41345 0
41347 0
41348 0
41350 0
41351 0
41353 0
41354 0
41356 0
41357 0
41360 0
41362 0
41363 0
41365 0
41386 0
41387 0
41389 0
41390 0
41531 0
41560 0
41561 0
41587 0
41615 0
41617 0
41618 0
41620 0
41660 0
41690 0
41711 0
41717 0
41735 0
41737 1
41738 0
41740 0
41741 0
41749 0
41765 0
41767 0
41768 0
41776 0
41777 0
41779 0
41780 0
41792 0
41800 0
41804 0
41807 0
41830 0
41848 0
41849 0
41857 0
41858 0
41878 0
41890 0
41897 0
41929 0
41948 0
41968 0
41977 0
41983 0
41992 0
41993 0
42016 0
42038 0
42044 0
42049 0
42053 0
42055 0
42056 0
42058 0
42064 0
42065 0
42067 0
42073 0
42092 0
42101 0
42112 1
42115 0
42125 0
42128 0
42131 0
42137 0
42139 0
42148 0
42149 0
42152 0
42158 0
42160 0
42161 0
42163 0
42173 0
42179 0
42181 0
42182 0
42185 0
42187 0
42188 0
42190 0
42196 0
42197 0
42200 0
42202 0
42203 0
42206 0
42220 0
42229 0
42230 0
42244 0
42247 0
42250 0
42251 0
42265 0
42268 0
42269 0
42272 0
42308 0
42338 0
42350 0
42353 0
42361 0
42428 0
42458 0
42478 0
42484 0
42532 0
42538 0
42541 0
42557 0
42559 0
42560 0
42566 0
42614 0
42631 0
42641 0
42652 0
42658 0
42659 0
42661 0
42682 0
42704 0
42707 0
42709 0
42718 0
42719 0
42745 0
42748 0
42749 0
42770 0
42772 0
42773 0
42776 0
42782 0
42862 0
42880 0
42898 0
42914 1
42916 0
42926 0
43027 0
43046 0
43052 0
43063 0
43064 0
43066 0
43067 0
43069 0
43070 0
43076 0
43078 0
43108 0
43112 0
43117 0
43120 0
43124 0
43126 0
43129 0
43130 0
43133 0
43135 0
43138 0
43144 0
43160 0
43163 0
43165 0
43166 0
43168 0
43169 0
43172 0
43174 0
43181 0
43190 0
43199 0
43201 0
43202 0
43205 0
43207 0
43220 0
43223 0
43253 0
43259 0
43261 0
43262 0
43273 0
43276 0
43277 0
43288 0
43337 0
43489 0
43522 1
43555 1
43556 0
43744 0
43769 1
43774 0
43799 1
43804 0
43811 0
43816 0
43817 0
43825 0
43826 0
43850 0
43898 0
43987 0
43990 0
43993 0
44026 0
44032 0
44033 0
44054 0
44059 0
44060 0
44062 0
44063 0
44096 0
44098 0
44101 0
44108 0
44113 0
44116 0
44122 0
44131 0
44146 0
44149 0
44177 0
44179 0
44180 0
44183 0
44188 0
44191 0
44203 0
44209 0
44231 0
44251 0
44260 0
44267 0
44269 0
44270 0
44291 0
44293 0
44324 0
44351 0
44354 0
44356 0
44357 0
44365 0
44366 0
44369 0
44371 0
44372 0
44374 0
44375 0
44381 0
44383 0
44417 0
44470 0
44473 0
44516 0
44528 0
44543 0
44551 0
44560 0
44579 0
44605 0
44606 0
44608 0
44609 0
44611 0
44612 0
44617 0
44665 0
44701 0
44702 0
44707 0
44708 0
44728 0
44737 1
44746 0
44747 0
44749 0
44750 0
44753 0
44755 0
44758 0
44767 0
44768 0
44774 0
44777 0
44779 0
44789 0
44792 0
44797 0
44807 0
44809 0
44810 1
44815 0
44821 0
44824 0
44837 0
44848 0
44849 0
44852 0
44861 0
44872 0
44873 0
44917 0
44921 0
44923 0
44924 0
44926 0
44927 0
44929 0
44930 0
44950 0
44960 0
44992 0
45028 0
45034 0
45055 0
45122 0
45133 0
45136 0
45146 0
45157 0
45158 0
45163 0
45188 1
45223 0
45224 0
45238 0
45244 0
45245 0
45253 0
45256 0
45275 0
45289 0
45307 0
45308 0
45347 0
45370 0
45380 0
45386 0
45388 0
45391 0
45392 0
45398 0
45400 0
45401 0
45404 0
45413 0
45433 0
45434 0
45445 0
45485 0
45487 0
45488 0
45490 0
45491 0
45493 0
45497 0
45520 0
45535 0
45536 0
45542 0
45554 0
45560 0
45562 0
45568 1
45571 0
45575 0
45578 0
45581 0
45583 0
45592 0
45593 0
45598 0
45623 0
45625 0
45629 0
45632 0
45634 0
45641 0
45649 0
45713 0
45715 0
45719 0
45737 0
45748 0
45755 0
45757 0
45758 0
45760 0
45761 0
45785 0
45838 0
45844 0
45871 0
45911 0
45940 0
45949 0
45953 0
45955 0
45964 0
45997 0
46006 0
46007 0
46016 0
46021 0
46034 0
46036 0
46057 0
46058 0
46084 0
46091 0
46123 0
46151 0
46174 0
46187 0
46202 0
46204 0
46216 0
46219 0
46306 0
46321 0
46361 0
46384 0
46385 0
46439 0
46442 0
46444 0
46498 0
46499 0
46501 0
46502 0
46504 0
46510 0
46511 0
46520 0
46522 0
46546 0
46547 0
46549 0
46550 0
46552 0
46553 0
46555 0
46556 0
46558 0
46559 0
46639 0
46642 0
46643 0
46645 0
46648 0
46657 0
46661 0
46679 0
46699 0
46706 0
46709 0
46711 0
46712 0
46724 0
46732 0
46756 0
46759 0
46772 0
46774 0
46780 0
46781 0
46789 0
46795 0
46819 0
46820 0
46835 0
46933 0
47039 0
47059 0
47083 0
47084 0
47089 0
47135 0
47137 0
47138 0
47164 0
47198 0
47206 0
47216 0
47245 0
47306 0
47321 0
47324 0
47347 0
47350 0
47351 0
47354 0
47360 0
47362 0
47363 0
47365 0
47366 0
47368 0
47369 0
47371 0
47372 0
47377 0
47387 0
47408 0
47410 0
47411 0
47413 0
47414 0
47432 0
47434 0
47446 0
47447 0
47449 0
47450 0
47452 0
47453 0
47455 0
47456 0
47458 0
47459 0
47461 0
47462 0
47464 0
47465 0
47467 0
47468 0
47470 0
47471 0
47473 0
47474 0
47476 0
47477 0
47479 0
47480 0
47483 0
47485 0
47486 0
47488 0
47507 0
47509 0
47510 0
47512 0
47516 0
47527 0
47528 0
47567 0
47569 0
47570 0
47609 0
47626 0
47633 0
47654 0
47675 0
47681 0
47689 0
47690 0
47692 0
47693 0
47696 0
47698 0
47699 0
47701 0
47702 0
47704 0
47705 0
47710 0
47714 0
47716 0
47717 0
47722 0
47732 0
47734 0
47735 0
47737 0
47744 0
47746 0
47761 0
47765 0
47771 0
47773 0
47774 0
47776 0
47777 0
47779 0
47780 0
47782 0
47783 0
47785 0
47791 0
47792 0
47794 0
47798 0
47800 0
47801 0
47807 0
47809 0
47810 0
47812 0
47815 0
47816 0
47818 0
47819 0
47821 0
47822 0
47825 0
47833 0
47834 0
47846 0
47848 0
47849 0
47851 0
47852 0
47861 0
47866 0
47867 0
47882 0
47893 0
47978 0
47980 0
47981 0
47983 0
47984 0
48002 0
48004 0
48022 0
48023 0
48025 0
48026 0
48028 0
48029 0
48031 0
48032 0
48034 0
48035 0
48037 0
48038 0
48040 0
48041 0
48043 0
48044 0
48046 0
48047 0
48049 0
48050 0
48052 0
48053 0
48055 0
48058 0
48059 0
48061 0
48062 0
48082 0
48083 0
48085 0
48086 0
48170 0
48233 0
48236 0
48244 0
48256 0
48280 0
48295 0
48296 0
48325 0
48340 0
48341 0
48367 0
48371 0
48391 0
48400 0
48433 0
48446 0
48449 0
48463 0
48475 0
48484 0
48493 0
48566 0
48568 0
48589 0
48595 0
48634 0
48646 0
48655 0
48688 0
48695 0
48703 0
48707 0
48715 0
48763 0
48914 0
48929 0
48991 0
48998 0
49000 0
49019 0
49031 0
49037 0
49082 0
49112 0
49148 0
49154 0
49168 0
49174 0
49181 0
49216 0
49237 0
49256 0
49274 0
49289 0
49315 0
49316 0
49318 0
49322 0
49327 0
49336 0
49337 0
49342 0
49343 0
49349 0
49412 0
49414 0
49415 0
49417 0
49418 0
49465 0
49477 0
49502 0
49534 0
49616 0
49633 0
49636 0
49639 0
49640 0
49666 0
49667 0
49727 0
49742 0
49747 0
49751 0
49823 0
49852 0
49865 0
49915 0
49927 0
49928 0
49930 0
50033 0
50036 0
50050 0
50057 0
50060 0
50066 0
50069 0
50077 0
50078 0
50083 0
50114 0
50129 0
50131 0
50168 0
50206 0
50261 0
50266 1
50290 1
50375 0
50431 0
50522 0
50546 0
50560 0
50564 0
50575 0
50653 0
50654 0
50672 0
50764 0
50804 0
50806 0
50818 0
50828 0
50959 0
50965 0
50972 0
50975 0
51167 0
51251 0
51271 0
51272 0
51362 0
51365 0
51404 0
51422 0
51424 0
51451 0
51479 0
51494 0
51496 0
51499 0
51502 0
51508 0
51511 0
51524 0
51526 0
51527 0
51529 0
51530 0
51532 0
51533 0
51535 0
51536 0
51556 0
51557 0
51559 0
51565 0
51589 0
51611 0
51623 0
51625 0
51628 0
51629 0
51632 0
51638 0
51652 0
51653 0
51655 0
51700 0
51715 0
51719 0
51724 0
51725 0
51745 0
51761 0
51800 0
51802 0
51803 0
51838 0
51851 0
51886 0
51901 0
51904 0
51907 0
51940 0
51941 0
51946 0
51947 0
52007 0
52048 0
52049 0
52072 0
52099 0
52105 0
52109 0
52144 0
52156 0
52195 0
52204 0
52210 0
52220 0
52241 0
52247 0
52267 0
52304 0
52321 0
52397 0
52430 0
52433 1
52489 0
52490 0
52492 0
52525 0
52526 0
52528 0
52541 0
52543 0
52555 0
52567 0
52568 0
52579 0
52592 0
52594 0
52612 0
52613 0
52616 0
52621 0
52622 0
52624 0
52628 0
52837 0
52841 0
52844 0
52883 0
52888 0
52889 0
52900 0
52910 0
52963 0
52984 0
52987 0
52997 0
53015 0
53020 0
53024 0
53030 0
53032 0
53035 0
53048 0
53050 0
53075 0
53099 0
53104 0
53107 0
53108 0
53114 0
53120 0
53122 0
53125 0
53126 0
53128 0
53150 0
53242 0
53243 0
53326 0
53330 0
53446 0
53458 0
53461 0
53464 0
53524 0
53543 0
53560 0
53564 0
53567 0
53569 0
53572 0
53573 0
53579 0
53582 0
53599 0
53617 0
53639 0
53651 0
53653 0
53665 0
53668 0
53672 0
53695 0
53875 0
53920 0
53930 0
53932 0
53933 0
53938 0
53954 0
53957 0
54005 0
54041 0
54053 0
54077 0
54083 0
54085 0
54086 0
54088 0
54107 0
54112 0
54125 0
54139 0
54140 0
54143 0
54145 0
54146 0
54187 0
54209 0
54215 0
54220 0
54241 0
54266 0
54268 0
54271 0
54275 0
54280 0
54301 0
54320 0
54331 0
54343 0
54352 0
54409 0
56656 0
56657 0
56659 0
56660 0
56668 1
56683 0
56746 0
56747 0
56764 0
56768 0
56798 0
56818 0
56822 0
56825 0
56827 0
56828 1
56833 0
56834 0
56842 0
56845 0
56878 0
56896 0
56903 0
56906 0
56911 0
56924 0
56926 0
56933 0
56939 0
56944 0
56948 0
56951 0
56953 0
56960 0
56993 0
57005 0
57011 0
57022 0
57028 0
57032 0
57038 0
57050 0
57062 0
57064 0
57067 0
57068 0
57073 0
57077 0
57079 0
57082 0
57083 0
57086 0
57088 0
57089 0
57091 0
57094 0
57095 0
57100 0
57104 0
57115 0
57119 0
57131 0
57137 0
57139 0
57146 0
57148 0
57149 0
57152 0
57155 0
57157 0
57158 0
57161 0
57167 0
57172 0
57178 0
57191 0
57199 1
57212 0
57217 1
57220 0
57224 0
57233 0
57235 0
57239 1
57245 0
57248 0
57250 0
57251 0
57253 0
57256 0
57257 0
57263 0
57271 0
57272 0
57274 0
57281 0
57290 0
57301 0
57304 0
57316 0
57317 0
57319 0
57320 0
57323 0
57326 0
57335 0
57338 1
57340 0
57341 0
57349 0
57350 0
57355 0
57356 0
57361 0
57367 0
57368 0
57371 0
57379 0
57383 0
57394 0
57398 0
57419 0
57422 0
57428 0
57443 0
57448 0
57575 0
57577 1
57595 0
57613 0
57614 0
57616 1
57619 0
57643 0
57644 0
57655 0
57680 0
57682 0
57710 0
57743 0
57829 0
57830 0
57832 0
57841 0
57842 0
57844 0
57845 0
57853 0
57874 0
57875 0
57895 0
57896 0
57898 0
57914 0
57925 0
57938 0
57950 0
57986 0
57989 0
57991 0
58007 0
58030 0
58039 0
58100 0
58105 0
58106 0
58108 0
58111 0
58117 0
58141 0
58264 0
58265 0
58288 0
58336 0
58340 0
58342 0
58358 0
58361 0
58375 0
58376 0
58402 0
58403 0
58406 0
58414 0
58417 0
58447 0
58457 0
58471 0
58555 0
58556 0
58559 0
58606 0
58607 0
58636 0
58640 0
58646 0
58648 0
58649 0
58693 0
58723 0
58777 0
58859 0
58865 0
58924 0
58927 0
58928 0
59003 0
59113 0
59341 0
59354 0
59369 0
59393 0
59422 0
59429 0
59432 0
59492 0
59539 0
59620 0
59701 0
59782 0
59786 0
59797 0
59798 0
59809 0
59812 0
59830 0
59861 0
59890 0
59905 0
59939 0
60020 0
60032 0
60050 0
60062 0
60101 0
60145 0
60146 0
60152 0
60172 0
60175 0
60236 0
60239 0
60242 0
60332 0
60335 0
60365 0
60376 0
60377 0
60379 0
60386 0
60437 0
60443 0
60481 0
60508 0
60515 0
60529 0
60530 0
60551 0
60590 0
60592 0
60601 0
60607 0
60613 0
60617 0
60656 0
60659 0
60661 0
60679 0
60700 0
60701 0
60703 0
60716 0
60751 0
60752 0
60790 0
60794 0
60796 0
60838 0
60884 0
60886 0
60899 0
60910 0
60913 0
60928 0
60982 0
60983 0
61001 0
61009 0
61010 0
61012 0
61013 0
61142 0
61183 0
61193 0
61301 0
61421 0
61507 0
61654 0
61729 0
61769 0
61787 0
61789 0
61820 0
61888 0
61912 0
61915 0
61919 0
61948 0
61963 0
61984 0
61990 0
62057 0
62062 0
62063 0
62081 0
62120 0
62144 0
62147 0
62182 0
62189 0
62213 0
62225 0
62242 0
62245 0
62252 0
62255 0
62260 0
62293 0
62302 0
62318 0
62371 0
62372 0
62396 0
62431 0
62446 0
62458 0
62459 0
62461 0
62518 0
62527 0
62533 0
62540 0
62543 0
62555 0
62561 0
62594 0
62597 0
62603 0
62614 0
62638 0
62639 0
62642 0
62725 0
62726 0
62735 0
62771 1
62788 0
62789 0
62815 0
62819 0
62821 0
62822 0
62824 0
62825 0
62839 0
62842 0
62896 0
62900 0
62978 0
62999 0
63028 0
63031 0
63043 0
63062 0
63073 0
63079 0
63101 0
63133 0
63145 0
63146 0
63160 0
63218 0
63271 0
63272 0
63277 0
63280 0
63283 0
63284 0
63289 0
63304 0
63305 0
63310 0
63331 0
63335 0
63337 0
63376 0
63400 0
63401 0
63415 0
63436 0
63458 0
63460 0
63464 0
63470 0
63475 0
63482 0
63484 0
63488 0
63496 0
63500 0
63502 0
63505 0
63506 0
63518 0
63547 0
63548 0
63584 0
63587 0
63590 0
63598 0
63599 0
63613 0
63614 0
63626 0
63629 0
63677 0
63679 0
63682 0
63683 0
63737 0
63739 0
63742 0
63743 0
63776 0
63799 0
63856 0
63883 0
63889 0
63917 0
63919 0
63964 0
63965 0
63967 0
63968 0
64024 0
64025 0
64052 0
64055 0
64094 0
64096 0
64108 0
64112 0
64127 0
64132 0
64138 0
64141 0
64192 0
64195 0
64196 0
64198 0
64199 0
64201 0
64202 0
64204 0
64205 0
64208 0
64210 0
64211 0
64214 0
64216 0
64219 0
64237 0
64238 0
64291 0
64312 0
64324 0
64369 0
64370 0
64388 0
64402 0
64403 0
64408 0
64409 0
64424 0
64427 0
64429 0
64430 0
64432 0
64439 0
64448 0
64450 0
64480 0
64481 0
64483 0
64484 0
64544 0
64549 0
64550 0
64552 0
64553 0
64555 0
64556 0
64594 0
64595 0
64597 0
64598 0
64600 0
64601 0
64642 0
64675 0
64681 0
64684 0
64685 0
64715 0
64718 0
64720 0
64726 0
64729 0
64736 0
64760 0
64763 0
64817 0
64822 0
64886 0
64901 0
64903 0
64909 0
64913 0
64916 0
65021 0
65065 0
65066 0
65068 0
65069 0
65071 0
65075 0
65078 0
65086 0
65110 0
65146 0
65171 0
65174 0
65186 0
65203 0
65206 0
65209 0
65213 0
65215 0
65216 0
65230 0
65233 0
65234 0
65236 0
65245 0
65269 0
65281 0
65296 0
65297 0
65303 0
65311 0
65318 0
65320 0
65324 0
65329 0
65330 0
65335 0
65345 0
65357 0
65405 0
65423 0
65531 0
65584 0
65585 0
65591 0
65653 0
65690 0
65719 0
65737 0
65738 0
65740 0
65746 0
65756 0
65767 0
65797 0
65812 0
65815 0
65816 0
65824 0
65842 0
65849 0
65875 0
65879 0
65884 0
65885 0
65903 0
65920 0
65926 0
65929 0
65932 0
65933 0
65935 0
65941 0
65956 0
65959 0
65983 0
65984 0
66013 0
66050 0
66052 0
66059 0
66061 0
66065 0
66067 0
66068 0
66071 0
66073 0
66080 0
66083 0
66089 0
66094 0
66098 0
66109 0
66112 0
66113 0
66115 0
66127 0
66131 0
66136 0
66158 0
66163 0
66205 0
66208 0
66211 0
66229 0
66313 0
66358 0
66362 0
66449 0
66458 0
66460 0
66466 0
66467 0
66469 0
66508 0
66523 0
66529 0
66568 0
66578 0
66589 0
66601 0
66604 0
66610 0
66692 0
66757 0
66848 0
66862 0
66892 0
66940 0
66955 0
66961 0
66988 0
66989 0
67040 0
67043 0
67049 0
67061 0
67064 0
67069 0
67096 0
67124 0
67127 0
67151 0
67175 0
67181 0
67184 0
67204 0
67234 0
67235 0
67250 0
67255 0
67256 0
67258 0
67259 0
67270 0
67273 0
67277 0
67483 0
67498 0
67505 0
67517 0
67519 0
67522 0
67523 0
67552 0
67553 0
67630 0
67631 0
67634 0
67636 0
67637 0
67640 0
67643 0
67645 0
67646 0
67652 0
67684 0
67717 0
67720 0
67721 0
67723 0
67732 0
67733 0
67735 0
67775 0
67838 0
67840 0
67859 0
67972 0
67975 0
68024 0
68032 0
68051 0
68063 0
68102 0
68104 0
68113 0
68114 0
68119 0
68120 0
68186 0
68197 0
68198 0
68371 0
68461 0
68512 0
68513 0
68518 0
68519 0
68531 0
68551 0
68557 0
68558 0
68581 0
68617 0
68740 0
68743 0
68774 0
68786 0
68788 0
68789 0
68816 0
68827 0
68828 0
68839 0
68840 0
68842 0
68843 0
68849 0
68851 0
68858 0
68869 0
68870 0
68872 0
68876 0
68881 0
68899 0
68902 0
68903 0
68905 0
68942 0
68944 0
68945 0
68956 0
68959 0
68960 0
68962 0
68966 0
68984 0
69121 0
69124 0
69127 0
69136 0
69137 0
69139 0
69155 0
69254 0
69256 0
69304 0
69310 0
69313 0
69322 0
69331 0
69341 0
69355 0
69388 0
69394 0
69397 0
69406 0
69424 0
69434 0
69448 0
69497 0
69521 0
69529 0
69553 0
69856 0
69889 0
69890 0
69895 0
69896 0
69905 0
69908 0
69937 0
69943 0
69974 0
70082 0
70102 0
70103 0
70115 0
70264 0
70358 0
70366 0
70492 0
70511 0
70513 0
70601 0
71087 0
71126 0
72035 0
72065 0
72067 0
72073 0
72226 0
72239 0
72614 0
72838 0
72839 0
72850 0
72853 0
72854 0
72856 0
72857 0
72863 0
72889 0
72943 0
72952 0
72965 0
73013 0
73015 1
73177 0
73181 0
73183 0
73217 0
73238 0
73261 0
73277 0
73300 0
73310 0
73318 0
73342 0
73372 0
73435 0
73919 0
73970 0
74038 0
74066 0
74122 0
74123 0
74131 0
74137 0
74138 0
74164 0
74228 0
74233 0
74236 0
74365 0
74473 0
74474 0
74513 0
74515 0
74516 0
74519 0
74591 0
74609 0
74735 0
74888 0
74938 0
74939 0
74941 0
74944 0
74954 0
74956 0
74957 0
75031 0
75034 0
75077 0
75079 0
75083 0
75094 0
75163 0
75169 0
75175 0
75176 0
75179 0
75185 0
75208 0
75209 0
75218 0
75224 0
75257 0
75265 0
75272 0
75361 0
75389 0
75469 0
75476 0
75488 0
75499 0
75500 0
75511 0
75512 0
75515 0
75565 0
75566 0
75668 0
75670 0
75713 0
75716 0
75718 0
75719 0
75721 0
75790 0
75791 0
75793 0
75802 0
75803 0
75805 0
75806 0
75823 0
75839 0
75982 0
76115 0
76126 0
76186 0
76187 0
76198 0
76199 0
76205 0
76208 0
76238 1
76264 0
76301 0
76315 0
76363 0
76364 0
76366 0
76367 0
76369 0
76370 0
76376 0
76387 0
76531 0
76532 0
76534 0
76535 0
76537 0
76538 0
76549 0
76556 0
76634 0
76637 1
76651 0
76672 0
76702 0
76711 0
76733 0
76751 0
76754 0
76757 0
76768 0
76778 0
76916 0
76922 0
76970 0
76972 0
76973 0
76976 0
76978 0
76984 0
76985 0
76990 0
76991 0
76996 0
77096 0
77102 0
77105 0
77107 0
77108 0
77111 0
77116 0
77126 0
77129 0
77131 0
77134 0
77135 0
77137 0
77138 0
77147 0
77149 0
77150 0
77156 0
77173 0
77176 0
77191 0
77192 0
77213 0
77317 0
77318 0
77320 0
77321 0
77323 0
77326 0
77327 0
77342 0
77420 0
77422 0
77425 0
77429 0
77431 0
77444 0
77446 0
77450 0
77452 0
77513 0
77519 0
77527 0
77531 0
77534 0
77536 0
77542 0
77558 0
77602 0
77603 0
77612 0
77614 0
77617 0
77618 0
77621 0
77623 0
77630 0
77636 0
77638 0
77639 0
77641 0
77642 0
77645 0
77648 0
77653 0
77704 0
77705 0
77750 0
77767 0
77771 0
77876 0
77881 0
77882 0
77897 0
77899 0
77900 0
77920 0
77942 0
77956 0
77962 0
77963 0
78061 0
78067 0
78068 0
78079 0
78080 0
78083 0
78086 0
78094 0
78095 0
78125 0
78130 0
78131 0
78145 0
78146 0
78184 0
78194 0
78196 0
78197 0
78200 0
78214 0
78217 0
78266 0
78268 0
78289 0
78292 0
78301 0
78323 0
78413 0
78436 0
78437 0
78443 0
78446 0
78539 0
78557 0
78562 0
78563 0
78580 0
78610 0
78611 0
78643 0
78649 0
78652 0
78653 0
78655 0
78659 0
78662 0
78664 0
78667 0
78668 0
78670 0
78686 0
78710 0
78733 0
78746 0
78748 0
78761 0
78800 0
78805 0
78806 1
78809 0
78811 0
78814 0
78815 0
78818 0
78823 0
78832 0
78841 0
78854 0
78856 0
78913 0
78928 0
78932 0
78938 0
78952 0
78955 0
78961 0
78962 0
78976 0
78983 0
79027 0
79028 0
79031 0
79033 0
79042 0
79079 0
79189 0
79232 1
79265 0
79273 0
79283 0
79291 0
79339 0
79366 0
79376 0
79388 0
79394 0
79399 0
79400 0
79415 0
79417 0
79418 0
79433 0
79498 0
79501 0
79541 1
79553 0
79567 0
79568 0
79570 0
79571 0
79573 0
79574 0
79579 0
79580 0
79585 0
79600 0
79613 0
79615 0
79616 0
79640 0
79646 0
79652 0
79663 0
79664 0
79666 0
79667 0
79675 0
79729 0
79736 0
79739 0
79742 0
79753 0
79757 0
79759 0
79771 0
79792 0
79862 0
79906 0
79921 0
79922 0
79924 0
79930 0
79994 1
80027 0
80042 0
80048 0
80051 0
80053 0
80054 0
80057 0
80063 0
80065 0
80075 0
80089 0
80110 0
80120 0
80125 0
80141 0
80146 0
80147 0
80149 0
80176 0
80194 0
80198 0
80204 0
80210 0
80216 0
80276 0
80281 0
80296 0
80306 0
80308 0
80318 0
80320 0
80330 0
80384 0
80425 0
80432 0
80435 0
80458 0
80459 0
80461 0
80462 0
80464 0
80465 0
80470 0
80471 0
80474 0
80476 0
80482 0
80488 0
80491 0
80494 0
80495 0
80497 0
80501 0
80504 0
80507 0
80509 0
80510 0
80512 0
80513 0
80515 0
80519 0
80521 0
80527 0
80530 0
80534 0
80545 0
80566 0
80569 0
80591 0
80596 0
80606 0
80617 0
80621 0
80674 0
80690 0
80702 0
80705 0
80735 0
80773 0
80800 0
80804 0
80821 0
80834 0
80846 0
80867 0
81005 0
81010 0
81011 0
81080 0
81085 0
81098 0
81104 0
81115 0
81116 0
81134 0
81146 0
81155 0
81161 0
81172 0
81175 0
81203 0
81206 0
81208 0
81214 0
81220 0
81221 0
81229 0
81251 0
81253 0
81254 0
81256 0
81259 0
81260 0
81275 0
81280 1
81281 1
81283 0
81284 0
81286 0
81305 0
81310 0
81313 0
81314 1
81350 0
81352 0
81362 0
81406 0
81407 0
81415 0
81416 0
81451 0
81454 0
81455 0
81457 0
81463 0
81464 0
81467 0
81469 0
81485 0
81505 0
81518 0
81523 0
81530 0
81532 0
81535 0
81559 0
81562 0
81563 0
81565 0
81566 0
81575 0
81583 0
81587 0
81592 0
81608 0
81610 0
81616 0
81622 0
81697 0
81707 0
81709 0
81710 0
81728 0
81731 0
81770 0
81776 0
81778 0
81779 0
81793 0
81794 0
81809 0
81857 0
81859 0
81868 0
81901 0
81911 0
81919 0
81931 1
81947 0
81949 0
81950 0
82000 0
82001 0
82004 0
82007 1
82024 0
82052 0
82058 0
82061 0
82075 0
82091 0
82111 0
82112 0
82114 0
82115 0
82117 0
82120 0
82162 0
82163 0
82166 0
82195 0
82198 0
82210 0
82249 0
82258 0
82279 0
82435 0
82451 0
82486 0
82487 0
82490 0
82493 0
82499 0
82504 0
82508 0
82519 0
82555 0
82562 0
82565 0
82570 0
82571 0
82574 0
82610 0
82657 0
82658 0
82684 0
82685 0
82691 0
82754 0
82759 0
82765 0
82768 0
82790 0
82825 0
82846 0
82847 0
82849 0
82858 0
82859 0
82861 0
82862 0
82864 0
82865 0
82867 0
82868 0
82889 0
82894 0
82901 0
82903 0
82921 0
82924 0
82928 0
82954 0
82957 0
82961 0
82970 0
82982 0
82985 0
82987 0
82988 0
82990 0
83008 0
83014 0
83018 0
83020 0
83045 0
83050 0
83086 0
83093 0
83114 0
83122 0
83123 0
83125 0
83126 0
83131 0
83132 0
83135 0
83137 0
83138 0
83140 0
83146 0
83147 0
83149 1
83150 0
83152 0
83182 0
83183 0
83186 0
83188 0
83189 0
83191 0
83195 0
83197 1
83198 1
83200 0
83201 0
83210 0
83213 0
83215 0
83218 0
83219 0
83221 0
83222 0
83231 0
83234 0
83236 0
83242 0
83249 0
83252 0
83254 0
83260 0
83261 0
83267 1
83275 0
83288 0
83296 0
83308 0
83314 1
83344 0
83353 0
83362 0
83398 0
83410 0
83416 0
83423 0
83441 0
83449 0
83452 0
83456 0
83461 0
83462 0
83464 0
83483 0
83485 0
83486 0
83488 0
83491 0
83497 0
83500 0
83503 0
83560 0
83600 0
83617 0
83620 0
83623 0
83674 0
83704 0
83716 0
83725 0
83729 0
83734 0
83753 0
83759 0
83780 0
83788 0
83795 0
83804 0
83812 0
83813 0
83815 0
83866 0
84050 0
84055 0
84056 0
84061 0
84062 0
84088 0
84094 0
84095 0
84100 0
84113 0
84119 0
84127 0
84131 0
84134 0
84139 0
84140 0
84161 0
84169 0
84170 0
84179 0
84230 0
84232 0
84239 0
84272 0
84274 0
84275 0
84284 0
84293 0
84326 0
84391 0
84397 0
84400 0
84409 0
84410 0
84418 0
84419 0
84424 0
84433 0
84434 0
84436 0
84437 0
84440 0
84442 0
84445 0
84448 0
84449 0
84451 0
84452 0
84454 0
84455 0
84457 0
84458 0
84460 0
84467 0
84493 0
84494 0
84496 0
84497 0
84499 0
84500 0
84508 0
84509 0
84512 0
84521 0
84523 0
84524 0
84530 0
84533 1
84535 1
84536 1
84622 0
84623 0
84631 0
84646 0
84653 0
84659 0
84665 0
84670 0
84673 0
84719 0
84721 0
84736 0
84737 0
84739 0
84740 0
84742 0
84763 0
84779 0
84811 0
84835 0
84841 0
84898 0
84907 0
84911 0
84947 0
84953 0
84955 0
85147 0
85148 0
85150 0
85225 0
85229 0
85256 0
85265 0
85310 0
85325 0
85327 0
85328 0
85330 0
85331 0
85333 0
85334 0
85336 0
85337 0
85393 0
85405 0
85462 0
85474 0
85477 0
85478 0
85480 0
85481 0
85483 0
85484 0
85486 0
85487 0
85489 0
85508 0
85573 0
85585 0
85588 0
85589 0
85591 0
85592 0
85594 0
85595 0
85597 0
85598 0
85600 0
85601 0
85618 0
85622 0
85624 0
85631 0
85637 0
85639 0
85651 0
85658 0
85669 0
85678 0
85679 0
85681 0
85682 0
85699 0
85700 0
85708 0
85712 0
85723 0
85729 0
85730 0
85739 0
85742 0
85747 0
85750 0
85756 0
85759 0
85762 0
85768 0
85777 0
85778 0
85780 0
85781 0
85790 0
85796 0
85801 0
85804 0
85805 0
85813 0
85817 0
85828 0
85834 0
85835 0
85844 0
85847 0
85852 0
85900 0
85901 0
85915 0
85919 0
85942 0
85943 0
85945 0
85948 0
85961 0
85964 0
85966 0
85967 0
85969 0
85972 0
85973 0
85978 0
85981 0
85984 0
85994 0
85996 0
85999 0
86000 0
86014 0
86017 0
86033 0
86035 0
86038 0
86039 0
86044 0
86066 0
86075 0
86098 1
86116 1
86132 0
86149 0
86150 0
86170 0
86173 0
86174 0
86176 0
86177 0
86179 0
86182 0
86183 0
86185 0
86192 0
86195 0
86197 0
86207 0
86212 0
86215 0
86240 0
86254 0
86261 0
86297 0
86299 0
86318 0
86321 0
86323 0
86333 0
86336 0
86339 0
86344 0
86353 0
86362 0
86366 0
86380 0
86381 0
86383 0
86384 0
86386 0
86387 0
86401 0
86402 0
86404 0
86437 0
86455 0
86461 0
86464 0
86470 0
86471 0
86474 0
86476 0
86477 0
86480 0
86506 0
86507 0
86510 0
86539 0
86551 0
86596 0
86599 0
86623 0
86629 0
86693 0
86699 0
86714 0
