@relation commentData
@attribute 'commentID' numeric
@attribute 'diffSize' numeric
@attribute 'insertStatement' numeric
@attribute 'insertStatementWeight' numeric
@attribute 'deleteStatement' numeric
@attribute 'deleteStatementWeight' numeric
@attribute 'updateStatement' numeric
@attribute 'updateStatementWeight' numeric
@attribute 'parentChange' numeric
@attribute 'parentChangeWeight' numeric
@attribute 'orderingChange' numeric
@attribute 'orderingChangeWeight' numeric
@attribute 'conditionChange' numeric
@attribute 'conditionChangeWeight' numeric
@attribute 'insertAlternative' numeric
@attribute 'insertAlternativeWeight' numeric
@attribute 'deleteAlternative' numeric
@attribute 'deleteAlternativeWeight' numeric
@attribute 'newAllLine' numeric
@attribute 'oldAllLine' numeric
@attribute 'subLine' numeric
@attribute 'changeLine' numeric
@attribute 'changeLineWeight' numeric
@attribute 'firstDiffLocation' numeric
@attribute 'tokenChange' numeric
@attribute 'wordSize' numeric
@attribute 'codeSimilarity' numeric
@attribute 'oldCodeOldCommentSimilarity' numeric
@attribute 'newCodeOldCommentSimilarity' numeric
@attribute 'subSimilarity' numeric
@attribute 'addWordNumber' numeric
@attribute 'deleteWordNumber' numeric
@attribute 'class' {0,1}
@data
38 1 0 0 0 0 0 0 0 0 0 0 1 5 0 0 0 0 7 7 0 1 1 2 1 3 0 0 0 0 0 0
64 6 6 9 0 0 0 0 0 0 0 0 0 0 0 0 0 0 8 6 7 7 6 6 0 3 0 0 0 0 0 0
76 7 4 3 6 4 5 3 6 5 0 0 1 1 0 0 0 0 8 8 0 8 0 1 0 4 0 0 0 0 0 0
93 1 0 0 0 0 1 5 0 0 0 0 0 0 0 0 0 0 4 4 0 1 3 1 0 4 0 0 0 0 0 0
138 6 2 3 4 6 0 0 0 0 1 2 0 0 0 0 0 0 7 7 2 7 0 6 0 1 0 0 0 0 0 0
151 5 3 5 1 2 1 2 0 0 0 0 0 0 0 0 0 0 7 7 2 5 4 1 0 3 0 0 0 0 0 0
173 1 0 0 0 0 1 5 0 0 0 0 0 0 0 0 0 0 5 5 0 1 2 4 0 5 0 0 0 0 0 0
177 1 0 0 0 0 0 0 0 0 0 0 1 5 0 0 0 0 6 6 0 1 2 1 0 4 0 0 0 0 0 0
178 2 1 4 0 0 0 0 1 4 0 0 0 0 1 4 0 0 6 3 5 6 0 1 0 3 0 0 0 0 0 0
189 3 1 3 1 3 1 3 1 3 0 0 0 0 0 0 0 0 7 7 2 3 2 7 0 5 0 0 0 0 0 0
207 2 0 0 0 0 2 7 0 0 0 0 0 0 0 0 0 0 5 5 0 2 4 2 1 1 0 0 0 0 0 0
225 1 1 5 0 0 0 0 1 5 0 0 0 0 0 0 0 0 7 7 1 2 2 6 0 2 0 0 0 0 0 0
277 1 0 0 0 0 1 5 0 0 0 0 0 0 0 0 0 0 6 6 0 1 2 5 0 4 0 0 0 0 0 0
295 1 1 5 0 0 0 0 0 0 0 0 0 0 0 0 0 0 7 7 2 2 1 7 0 3 0 0 0 0 0 0
310 2 0 0 2 7 0 0 0 0 0 0 0 0 0 0 0 0 6 7 4 4 6 3 0 2 0 0 0 0 0 0
334 1 0 0 0 0 1 5 0 0 0 0 0 0 0 0 0 0 6 6 1 1 2 6 0 4 0 0 0 0 0 0
442 1 0 0 0 0 1 5 0 0 0 0 0 0 0 0 0 0 7 7 0 1 1 7 1 3 0 0 0 0 0 0
453 3 2 5 1 3 0 0 0 0 0 0 0 0 0 0 0 0 6 6 1 7 0 3 0 4 0 0 0 0 0 0
466 1 0 0 0 0 1 5 0 0 0 0 0 0 0 0 0 0 8 8 0 1 1 8 1 3 0 0 0 0 0 0
491 1 0 0 0 0 0 0 0 0 0 0 1 5 0 0 0 0 6 6 0 1 1 1 0 4 0 0 0 0 0 0
510 4 3 6 0 0 1 2 0 0 0 0 0 0 0 0 0 0 7 6 5 6 6 6 0 3 0 0 0 0 0 0
543 1 1 5 0 0 0 0 0 0 0 0 0 0 0 0 0 0 6 6 2 2 2 6 0 3 0 0 0 0 0 0
556 2 2 7 0 0 0 0 0 0 0 0 0 0 0 0 0 0 6 6 2 2 2 6 0 4 0 0 0 0 0 0
562 1 0 0 0 0 1 5 0 0 0 0 0 0 0 0 0 0 8 8 0 1 1 7 0 6 0 0 0 0 0 0
614 1 0 0 0 0 1 5 0 0 0 0 0 0 0 0 0 0 7 7 0 7 8 3 1 3 0 0 0 0 0 0
669 7 6 7 0 0 2 2 1 1 0 0 1 1 1 1 0 0 8 7 7 8 7 3 0 5 0 0 0 0 0 0
670 1 0 0 1 5 0 0 0 0 0 0 0 0 0 0 0 0 6 6 2 2 3 6 0 3 0 0 0 0 0 0
677 2 1 4 0 0 1 4 0 0 0 0 0 0 0 0 0 0 7 7 0 4 3 3 0 2 0 0 0 0 0 0
678 1 0 0 0 0 1 5 0 0 0 0 0 0 0 0 0 0 6 6 0 1 2 4 0 3 0 0 0 0 0 0
701 1 0 0 0 0 1 5 0 0 0 0 0 0 0 0 0 0 6 6 0 1 2 5 0 6 0 0 0 0 0 0
705 1 0 0 0 0 1 5 0 0 0 0 0 0 0 0 0 0 7 7 0 3 3 6 0 3 0 0 0 0 0 0
712 1 0 0 0 0 1 5 0 0 0 0 0 0 0 0 0 0 8 8 0 1 1 8 0 2 0 0 0 0 0 0
751 3 0 0 0 0 2 5 0 0 0 0 1 3 0 0 0 0 8 8 0 3 1 1 0 4 0 0 0 0 0 0
758 1 0 0 0 0 1 5 0 0 0 0 0 0 0 0 0 0 7 7 1 2 2 7 1 3 0 0 0 0 0 0
764 2 2 7 0 0 0 0 0 0 0 0 0 0 0 0 0 0 7 6 3 3 3 5 0 2 0 0 0 0 0 0
781 2 1 4 1 4 0 0 0 0 0 0 0 0 0 0 0 0 2 2 0 2 11 1 0 7 0 0 0 0 0 0
789 6 6 9 0 0 0 0 0 0 0 0 0 0 0 0 0 0 8 6 7 7 6 6 0 3 0 0 0 0 0 0
801 1 1 5 0 0 0 0 0 0 0 0 0 0 0 0 0 0 6 6 1 1 2 4 0 3 0 0 0 0 0 0
894 1 0 0 0 0 1 5 0 0 0 0 0 0 0 0 0 0 6 6 0 1 1 2 0 2 0 0 0 0 0 0
900 1 0 0 0 0 1 5 0 0 0 0 0 0 0 0 0 0 6 6 0 1 2 5 0 4 0 0 0 0 0 0
901 1 0 0 0 0 1 5 0 0 0 0 0 0 0 0 0 0 7 7 0 3 3 6 0 3 0 0 0 0 0 0
964 1 0 0 1 5 0 0 0 0 0 0 0 0 0 0 0 0 6 6 0 1 2 4 0 3 0 0 0 0 0 0
965 3 0 0 0 0 3 8 0 0 0 0 0 0 0 0 0 0 7 7 0 3 3 6 0 3 0 0 0 0 0 0
971 3 1 3 0 0 2 5 0 0 0 0 0 0 0 0 0 0 6 6 0 3 5 5 0 2 0 0 0 0 0 0
972 1 0 0 0 0 1 5 0 0 0 0 0 0 0 0 0 0 4 4 0 1 3 1 1 6 0 0 0 0 0 0
1000 2 2 7 0 0 0 0 0 0 0 0 0 0 0 0 0 0 7 6 3 3 3 5 0 2 0 0 0 0 0 0
1008 4 0 0 0 0 4 8 0 0 0 0 0 0 0 0 0 0 7 7 2 4 3 6 1 3 0 0 0 0 0 0
1016 4 0 0 3 6 1 2 0 0 0 0 0 0 0 0 0 0 6 5 2 6 0 2 0 1 0 0 0 0 0 0
1024 1 0 0 0 0 1 5 0 0 0 0 0 0 0 0 0 0 7 7 0 7 11 1 1 3 0 0 0 0 0 0
1029 1 0 0 0 0 1 5 0 0 0 0 0 0 0 0 0 0 6 6 0 6 11 1 1 3 0 0 0 0 0 0
1140 1 0 0 0 0 1 5 0 0 0 0 0 0 0 0 0 0 7 7 0 7 11 1 1 4 0 0 0 0 0 0
1167 1 0 0 0 0 1 5 0 0 0 0 0 0 0 0 0 0 8 8 0 1 1 8 1 3 0 0 0 0 0 0
1193 1 0 0 0 0 1 5 0 0 0 0 0 0 0 0 0 0 2 2 0 1 5 1 0 3 0 0 0 0 0 0
1209 2 1 4 1 4 0 0 0 0 0 0 0 0 0 0 0 0 6 6 0 2 4 4 1 3 0 0 0 0 0 0
1222 2 1 4 1 4 0 0 0 0 0 0 0 0 0 0 0 0 7 7 1 3 2 7 0 4 0 0 0 0 0 0
1238 3 0 0 0 0 3 8 0 0 0 0 0 0 0 0 0 0 7 7 0 3 3 3 1 2 0 0 0 0 0 0
1250 1 0 0 0 0 0 0 0 0 0 0 1 5 0 0 0 0 6 6 0 1 1 1 0 4 0 0 0 0 0 0
1279 1 0 0 0 0 1 5 0 0 0 0 0 0 0 0 0 0 8 8 0 1 1 6 1 2 0 0 0 0 0 0
1309 1 1 5 0 0 0 0 0 0 0 0 0 0 0 0 0 0 6 6 2 2 3 5 0 3 0 0 0 0 0 0
1323 1 0 0 0 0 0 0 0 0 0 0 1 5 0 0 0 0 8 8 0 1 1 2 0 3 0 0 0 0 0 0
1334 1 0 0 0 0 1 5 0 0 0 0 0 0 0 0 0 0 2 2 0 1 5 1 0 3 0 0 0 0 0 0
1394 4 0 0 3 6 1 2 0 0 0 0 0 0 0 0 0 0 6 5 2 6 0 2 0 1 0 0 0 0 0 0
1395 1 0 0 0 0 1 5 0 0 0 0 0 0 0 0 0 0 2 2 0 1 5 2 1 2 0 0 0 0 0 0
1403 1 0 0 0 0 1 5 0 0 0 0 0 0 0 0 0 0 7 7 0 2 2 7 1 4 0 0 0 0 0 0
1439 4 2 4 1 2 1 2 0 0 0 0 0 0 0 0 0 0 7 7 0 4 4 1 0 2 0 0 0 0 0 0
1445 1 0 0 0 0 1 5 0 0 0 0 0 0 0 0 0 0 6 6 1 5 7 1 0 2 0 0 0 0 0 0
1459 4 2 4 1 2 1 2 0 0 0 0 0 0 0 0 0 0 7 7 1 6 5 1 0 4 0 0 0 0 0 0
1494 2 1 4 1 4 0 0 0 0 0 0 0 0 0 0 0 0 4 4 0 2 5 2 0 4 0 0 0 0 0 0
1495 1 0 0 0 0 1 5 0 0 0 0 0 0 0 0 0 0 7 7 0 1 1 5 0 6 0 0 0 0 0 0
1512 3 0 0 0 0 3 8 0 0 0 0 0 0 0 0 0 0 7 7 1 3 3 1 0 3 0 0 0 0 0 0
1513 3 0 0 0 0 3 8 0 0 0 0 0 0 0 0 0 0 4 4 0 3 8 1 0 3 0 0 0 0 0 0
1528 1 0 0 0 0 1 5 0 0 0 0 0 0 0 0 0 0 6 6 0 1 2 4 0 3 0 0 0 0 0 0
1536 3 0 0 0 0 3 8 0 0 0 0 0 0 0 0 0 0 8 8 0 3 1 7 1 4 0 0 0 0 0 0
1540 1 0 0 0 0 1 5 0 0 0 0 0 0 0 0 0 0 8 8 1 6 3 6 0 4 0 0 0 0 0 0
1545 1 0 0 0 0 1 5 0 0 0 0 0 0 0 0 0 0 2 2 0 1 5 1 0 3 0 0 0 0 0 0
1551 1 0 0 0 0 1 5 0 0 0 0 0 0 0 0 0 0 7 7 0 1 1 6 1 3 0 0 0 0 0 0
1563 6 6 8 0 0 0 0 0 0 0 0 1 2 0 0 0 0 8 8 7 8 10 7 0 1 0 0 0 0 0 0
1564 3 3 8 0 0 0 0 0 0 0 0 0 0 0 0 0 0 7 4 6 5 5 2 0 2 0 0 0 0 0 0
1648 2 0 0 0 0 0 0 0 0 0 0 2 7 0 0 0 0 5 5 0 2 4 1 0 5 0 0 0 0 0 0
1713 1 0 0 0 0 1 5 0 0 0 0 0 0 0 0 0 0 8 8 0 1 1 6 1 3 0 0 0 0 0 0
1723 1 1 5 0 0 0 0 0 0 0 0 0 0 0 0 0 0 6 6 2 2 2 6 0 3 0 0 0 0 0 0
1727 1 0 0 0 0 1 5 0 0 0 0 0 0 0 0 0 0 7 7 0 1 1 6 1 4 0 0 0 0 0 0
1773 1 0 0 0 0 1 5 0 0 0 0 0 0 0 0 0 0 7 7 1 2 2 7 1 3 0 0 0 0 0 0
1801 2 0 0 0 0 2 7 0 0 0 0 0 0 0 0 0 0 6 6 0 3 4 5 1 3 0 0 0 0 0 0
1827 4 3 6 1 2 0 0 0 0 0 0 0 0 0 0 0 0 6 5 2 6 9 1 0 5 0 0 0 0 0 0
1842 6 6 9 0 0 0 0 0 0 0 0 0 0 0 0 0 0 8 6 7 7 6 6 0 3 0 0 0 0 0 0
1845 5 3 5 0 0 2 4 0 0 1 2 0 0 0 0 0 0 8 7 6 6 4 4 0 1 0 0 0 0 0 0
1850 1 0 0 0 0 1 5 0 0 0 0 0 0 0 0 0 0 7 7 1 3 2 6 0 4 0 0 0 0 0 0
1859 1 0 0 0 0 1 5 0 0 0 0 0 0 0 0 0 0 7 6 1 1 1 2 0 2 0 0 0 0 0 0
1869 1 0 0 0 0 1 5 0 0 0 0 0 0 0 0 0 0 2 2 0 1 5 2 1 3 0 0 0 0 0 0
1873 4 0 0 3 6 1 2 0 0 0 0 0 0 0 0 0 0 6 5 2 6 0 2 0 1 0 0 0 0 0 0
1882 7 7 9 0 0 0 0 1 1 0 0 0 0 1 1 0 0 8 6 8 8 0 6 0 2 0 0 0 0 0 0
1988 4 0 0 0 0 4 8 0 0 0 0 0 0 0 0 0 0 6 6 1 4 7 1 0 6 0 0 0 0 0 0
4171 1 0 0 0 0 1 5 0 0 0 0 0 0 0 0 0 0 7 7 0 1 1 6 0 3 0 0 0 0 0 0
4197 2 1 4 1 4 0 0 0 0 0 0 0 0 0 0 0 0 3 3 0 2 7 1 0 2 0 0 0 0 0 0
2064 1 1 5 0 0 0 0 2 11 0 0 0 0 0 0 0 0 3 2 1 1 4 2 0 2 0 0 0 0 0 0
4198 2 1 4 1 4 0 0 0 0 0 0 0 0 0 0 0 0 6 3 4 6 9 1 0 2 0 0 0 0 0 0
2087 1 0 0 0 0 1 5 0 0 0 0 0 0 0 0 0 0 4 4 0 1 3 1 1 3 0 0 0 0 0 0
4213 1 0 0 0 0 1 5 0 0 0 0 0 0 0 0 0 0 4 4 0 1 3 1 0 3 0 0 0 0 0 0
4218 1 0 0 0 0 1 5 1 5 0 0 0 0 0 0 0 0 3 2 1 1 4 1 0 1 0 0 0 0 0 0
4248 1 0 0 0 0 1 5 0 0 0 0 0 0 0 0 0 0 8 8 0 1 1 6 0 4 0 0 0 0 0 0
4251 2 0 0 0 0 2 7 0 0 0 0 0 0 0 0 0 0 7 7 2 2 2 6 0 1 0 0 0 0 0 0
4302 2 0 0 1 4 1 4 1 4 0 0 0 0 0 0 0 0 7 7 0 2 2 7 0 1 0 0 0 0 0 0
4303 1 0 0 0 0 1 5 0 0 0 0 0 0 0 0 0 0 6 6 0 1 2 1 0 1 0 0 0 0 0 0
2088 3 1 3 1 3 1 3 0 0 0 0 0 0 0 0 0 0 5 4 1 4 8 3 0 4 0 0 0 0 0 0
4305 1 0 0 0 0 1 5 0 0 0 0 0 0 0 0 0 0 8 8 0 1 1 7 1 3 0 0 0 0 0 0
4310 2 0 0 0 0 2 7 0 0 0 0 0 0 0 0 0 0 5 5 0 2 4 3 1 3 0 0 0 0 0 0
2092 2 0 0 0 0 2 7 0 0 0 0 0 0 0 0 0 0 6 6 0 2 4 4 0 3 0 0 0 0 0 0
4366 2 1 4 1 4 0 0 0 0 0 0 0 0 0 0 0 0 7 7 1 3 2 2 0 5 0 0 0 0 0 0
4399 1 1 5 0 0 0 0 0 0 0 0 0 0 0 0 0 0 6 6 1 1 2 6 0 1 0 0 0 0 0 0
4411 2 0 0 0 0 2 7 0 0 0 0 0 0 0 0 0 0 5 5 0 2 4 4 0 3 0 0 0 0 0 0
4414 1 0 0 0 0 1 5 0 0 1 5 0 0 0 0 0 0 8 8 3 4 2 4 0 4 0 0 0 0 0 0
2093 2 1 4 1 4 0 0 0 0 0 0 0 0 0 0 0 0 2 2 0 2 11 1 0 7 0 0 0 0 0 0
4436 2 0 0 0 0 2 7 0 0 0 0 0 0 0 0 0 0 7 7 1 6 6 7 1 3 0 0 0 0 0 0
2122 1 0 0 0 0 1 5 0 0 0 0 0 0 0 0 0 0 6 6 0 1 2 5 0 4 0 0 0 0 0 0
4518 1 0 0 0 0 1 5 0 0 0 0 0 0 0 0 0 0 7 7 0 1 1 1 1 3 0 0 0 0 0 0
4547 1 0 0 0 0 1 5 0 0 0 0 0 0 0 0 0 0 4 4 0 1 3 1 0 4 0 0 0 0 0 0
4550 1 0 0 0 0 1 5 0 0 0 0 0 0 0 0 0 0 4 4 0 1 3 1 0 3 0 0 0 0 0 0
4555 1 0 0 0 0 1 5 0 0 0 0 0 0 0 0 0 0 3 3 0 1 4 1 0 2 0 0 0 0 0 0
4557 1 0 0 0 0 1 5 0 0 0 0 0 0 0 0 0 0 3 3 0 1 4 1 0 3 0 0 0 0 0 0
4558 1 0 0 0 0 1 5 0 0 0 0 0 0 0 0 0 0 3 3 0 1 4 1 0 3 0 0 0 0 0 0
4560 1 0 0 0 0 1 5 0 0 0 0 0 0 0 0 0 0 3 3 0 1 4 1 0 4 0 0 0 0 0 0
2133 1 0 0 0 0 1 5 0 0 0 0 0 0 0 0 0 0 7 7 1 4 3 1 0 1 0 0 0 0 0 0
4609 2 0 0 0 0 2 7 0 0 0 0 0 0 0 0 0 0 7 7 0 2 2 4 0 2 0 0 0 0 0 0
4610 3 0 0 0 0 3 8 0 0 0 0 0 0 0 0 0 0 7 7 0 3 2 5 0 2 0 0 0 0 0 0
4617 3 0 0 0 0 3 8 0 0 0 0 0 0 0 0 0 0 7 7 0 3 2 4 0 2 0 0 0 0 0 0
4623 7 3 3 6 5 4 3 2 2 0 0 0 0 0 0 0 0 7 7 2 8 0 5 0 4 0 0 0 0 0 0
2139 3 0 0 0 0 3 8 0 0 0 0 0 0 0 0 0 0 4 4 0 3 8 1 0 3 0 0 0 0 0 0
4637 3 0 0 2 5 1 3 0 0 0 0 0 0 0 0 0 0 3 4 1 4 0 1 0 6 0 0 0 0 0 0
4646 1 0 0 0 0 1 5 0 0 0 0 0 0 0 0 0 0 7 7 0 1 1 2 1 3 0 0 0 0 0 0
4647 1 0 0 0 0 1 5 0 0 0 0 0 0 0 0 0 0 6 6 0 1 2 2 1 3 0 0 0 0 0 0
2180 2 0 0 2 7 0 0 0 0 0 0 0 0 0 0 0 0 6 6 0 3 3 2 0 6 0 0 0 0 0 0
4739 1 0 0 0 0 1 5 0 0 0 0 0 0 0 0 0 0 2 6 5 1 5 1 0 2 0 0 0 0 0 0
4747 1 0 0 0 0 1 5 0 0 0 0 0 0 0 0 0 0 6 6 1 5 9 1 0 4 0 0 0 0 0 0
2230 1 1 5 0 0 0 0 0 0 0 0 0 0 0 0 0 0 6 6 1 1 2 1 0 3 0 0 0 0 0 0
4768 2 0 0 0 0 0 0 0 0 0 0 2 7 0 0 0 0 7 6 4 2 2 7 0 2 0 0 0 0 0 0
2231 1 1 5 0 0 0 0 0 0 0 0 0 0 0 0 0 0 6 6 1 1 1 1 0 3 0 0 0 0 0 0
4774 1 0 0 0 0 1 5 0 0 0 0 0 0 0 0 0 0 4 4 0 2 5 1 0 3 0 0 0 0 0 0
2265 3 0 0 0 0 3 8 0 0 0 0 0 0 0 0 0 0 8 8 0 3 1 7 1 4 0 0 0 0 0 0
2273 2 0 0 0 0 2 7 0 0 0 0 0 0 0 0 0 0 7 7 0 2 2 5 1 6 0 0 0 0 0 0
4819 1 0 0 0 0 1 5 0 0 0 0 0 0 0 0 0 0 7 7 2 1 1 6 0 4 0 0 0 0 0 0
4883 3 0 0 0 0 3 8 0 0 0 0 0 0 0 0 0 0 8 8 0 3 1 6 1 1 0 0 0 0 0 0
4893 4 4 8 0 0 0 0 0 0 0 0 0 0 0 0 0 0 7 7 4 4 3 7 0 1 0 0 0 0 0 0
4901 2 0 0 1 4 1 4 1 4 0 0 0 0 0 0 0 0 7 7 2 4 3 7 0 3 0 0 0 0 0 0
2286 2 2 7 0 0 0 0 0 0 0 0 0 0 0 0 0 0 8 8 3 5 2 8 0 4 0 0 0 0 0 0
4933 2 1 4 1 4 0 0 0 0 0 0 0 0 0 0 0 0 3 7 7 7 0 1 0 4 0 0 0 0 0 0
4950 1 0 0 0 0 1 5 0 0 0 0 0 0 0 0 0 0 2 2 0 1 5 1 0 3 0 0 0 0 0 0
4957 1 0 0 0 0 1 5 0 0 0 0 0 0 0 0 0 0 7 7 0 6 9 1 0 3 0 0 0 0 0 0
4963 2 1 4 1 4 0 0 0 0 0 0 0 0 0 0 0 0 6 4 2 2 4 1 0 2 0 0 0 0 0 0
4980 3 2 5 1 3 0 0 0 0 0 0 0 0 0 0 0 0 7 7 2 5 4 6 0 1 0 0 0 0 0 0
5011 2 0 0 0 0 2 7 0 0 0 0 0 0 0 0 0 0 7 7 0 2 2 1 1 5 0 0 0 0 0 0
5032 1 0 0 0 0 1 5 0 0 0 0 0 0 0 0 0 0 7 7 0 1 1 6 1 1 0 0 0 0 0 0
5042 4 2 4 2 4 0 0 0 0 0 0 0 0 0 0 0 0 7 7 0 4 3 7 0 3 0 0 0 0 0 0
2287 1 0 0 0 0 1 5 0 0 0 0 0 0 0 0 0 0 4 4 0 1 3 1 0 2 0 0 0 0 0 0
5052 2 0 0 0 0 2 7 0 0 0 0 0 0 0 0 0 0 7 7 0 2 2 1 1 2 0 0 0 0 0 0
2317 1 0 0 0 0 1 5 0 0 0 0 0 0 0 0 0 0 7 7 0 7 11 1 1 4 0 0 0 0 0 0
5070 1 0 0 0 0 1 5 0 0 0 0 0 0 0 0 0 0 8 8 0 7 8 5 1 6 0 0 0 0 0 0
5081 2 0 0 1 4 1 4 1 4 0 0 0 0 0 0 0 0 4 6 2 4 11 2 0 1 0 0 0 0 0 0
5088 3 1 3 1 3 1 3 0 0 0 0 0 0 0 0 0 0 7 7 0 3 3 5 0 3 0 0 0 0 0 0
5089 2 0 0 0 0 2 7 0 0 0 0 0 0 0 0 0 0 6 6 0 2 3 3 0 3 0 0 0 0 0 0
5099 1 0 0 0 0 1 5 0 0 0 0 0 0 0 0 0 0 3 3 0 1 4 1 1 4 0 0 0 0 0 0
5105 2 0 0 0 0 2 7 0 0 0 0 0 0 0 0 0 0 8 7 2 4 2 4 0 4 0 0 0 0 0 0
5132 1 0 0 0 0 1 5 0 0 0 0 0 0 0 0 0 0 7 7 0 1 1 6 1 6 0 0 0 0 0 0
5139 2 0 0 1 4 1 4 1 4 0 0 0 0 0 0 0 0 4 6 2 4 11 3 0 3 0 0 0 0 0 0
5153 7 6 5 6 5 0 0 0 0 0 0 0 0 0 0 0 0 8 8 0 7 9 3 0 3 0 0 0 0 0 0
5184 3 0 0 0 0 3 8 0 0 0 0 0 0 0 0 0 0 8 8 0 3 1 7 0 5 0 0 0 0 0 0
5185 1 0 0 0 0 1 5 0 0 0 0 0 0 0 0 0 0 7 7 0 1 1 7 0 5 0 0 0 0 0 0
5198 4 1 2 1 2 0 0 0 0 0 0 0 0 1 2 1 2 5 6 4 6 0 3 0 6 0 0 0 0 0 0
5204 1 0 0 0 0 1 5 0 0 0 0 0 0 0 0 0 0 6 6 0 1 2 1 1 2 0 0 0 0 0 0
5205 1 0 0 0 0 1 5 0 0 0 0 0 0 0 0 0 0 6 6 0 1 2 1 1 2 0 0 0 0 0 0
5206 1 0 0 0 0 1 5 0 0 0 0 0 0 0 0 0 0 6 6 0 1 2 1 1 2 0 0 0 0 0 0
5210 1 0 0 0 0 1 5 0 0 0 0 0 0 0 0 0 0 7 7 0 1 1 6 1 3 0 0 0 0 0 0
5224 2 1 4 1 4 0 0 0 0 0 0 0 0 0 0 0 0 7 7 2 2 2 7 0 4 0 0 0 0 0 0
5235 2 0 0 0 0 1 4 0 0 0 0 1 4 0 0 0 0 7 7 2 5 4 2 0 3 0 0 0 0 0 0
2350 1 1 5 0 0 0 0 0 0 0 0 0 0 0 0 0 0 7 6 1 1 1 4 0 3 0 0 0 0 0 0
5241 3 0 0 0 0 3 8 0 0 0 0 0 0 0 0 0 0 8 8 0 3 2 7 0 3 0 0 0 0 0 0
2356 2 2 7 0 0 0 0 0 0 0 0 0 0 0 0 0 0 6 6 0 3 4 1 0 6 0 0 0 0 0 0
5257 3 1 3 1 3 1 3 0 0 0 0 0 0 0 0 0 0 6 6 2 3 5 5 0 3 0 0 0 0 0 0
5292 2 0 0 2 7 0 0 0 0 0 0 0 0 0 0 0 0 5 6 2 2 4 4 0 4 0 0 0 0 0 0
5342 1 0 0 0 0 1 5 0 0 0 0 0 0 0 0 0 0 6 6 1 1 2 2 1 2 0 0 0 0 0 0
5351 1 0 0 0 0 1 5 0 0 0 0 0 0 0 0 0 0 3 3 0 1 4 1 1 4 0 0 0 0 0 0
5364 1 0 0 0 0 1 5 0 0 0 0 0 0 0 0 0 0 7 6 6 6 5 6 1 2 0 0 0 0 0 0
5375 1 0 0 0 0 1 5 0 0 0 0 0 0 0 0 0 0 6 3 3 1 2 1 1 4 0 0 0 0 0 0
5385 3 0 0 0 0 3 8 0 0 0 0 0 0 0 0 0 0 7 7 1 3 2 2 1 3 0 0 0 0 0 0
5409 1 0 0 0 0 1 5 0 0 0 0 0 0 0 0 0 0 7 5 6 1 1 1 1 4 0 0 0 0 0 0
2361 3 3 8 0 0 0 0 0 0 0 0 0 0 0 0 0 0 7 7 6 5 3 7 0 3 0 0 0 0 0 0
5459 1 0 0 0 0 1 5 0 0 0 0 0 0 0 0 0 0 2 2 0 1 5 1 1 2 0 0 0 0 0 0
5463 4 1 2 0 0 3 6 0 0 0 0 0 0 0 0 0 0 7 7 4 7 9 7 0 2 0 0 0 0 0 0
5465 4 1 2 0 0 3 6 0 0 0 0 0 0 0 0 0 0 7 7 4 7 9 7 0 2 0 0 0 0 0 0
5473 1 1 5 0 0 0 0 0 0 0 0 0 0 0 0 0 0 6 6 1 1 2 6 0 3 0 0 0 0 0 0
5478 2 0 0 0 0 2 7 0 0 0 0 0 0 0 0 0 0 6 6 0 2 2 6 0 4 0 0 0 0 0 0
5539 2 1 4 1 4 0 0 0 0 0 0 0 0 0 0 0 0 3 3 0 2 7 1 0 3 0 0 0 0 0 0
5562 3 1 3 1 3 1 3 0 0 0 0 0 0 0 0 0 0 6 6 2 3 5 5 0 3 0 0 0 0 0 0
5566 2 0 0 0 0 2 7 0 0 0 0 0 0 0 0 0 0 7 7 0 2 2 1 1 5 0 0 0 0 0 0
5569 2 0 0 0 0 2 7 0 0 0 0 0 0 0 0 0 0 5 5 0 2 4 1 1 5 0 0 0 0 0 0
5594 2 1 4 1 4 0 0 0 0 0 0 0 0 0 0 0 0 8 8 0 2 1 8 0 2 0 0 0 0 0 0
5610 0 0 0 0 0 0 0 0 0 3 0 0 0 0 0 0 0 6 6 0 0 0 0 1 2 0 0 0 0 0 0
5635 2 1 4 1 4 0 0 0 0 0 0 0 0 0 0 0 0 4 4 0 2 5 3 0 3 0 0 0 0 0 0
5636 1 0 0 0 0 1 5 0 0 0 0 0 0 0 0 0 0 6 6 0 1 2 3 0 1 0 0 0 0 0 0
5643 3 1 3 1 3 1 3 0 0 0 0 0 0 0 0 0 0 7 6 2 5 5 7 0 3 0 0 0 0 0 0
5664 2 1 4 1 4 0 0 0 0 0 0 0 0 0 0 0 0 4 4 0 2 5 1 0 4 0 0 0 0 0 0
5700 2 2 7 0 0 0 0 0 0 0 0 0 0 0 0 0 0 4 2 2 2 5 1 0 2 0 0 0 0 0 0
5705 1 1 5 0 0 0 0 0 0 0 0 0 0 0 0 0 0 2 1 1 1 5 2 0 3 0 0 0 0 0 0
5725 1 0 0 0 0 1 5 0 0 0 0 0 0 0 0 0 0 7 7 0 1 1 6 1 4 0 0 0 0 0 0
5727 1 0 0 0 0 1 5 0 0 0 0 0 0 0 0 0 0 6 6 0 1 1 1 1 5 0 0 0 0 0 0
5747 1 0 0 0 0 1 5 0 0 0 0 0 0 0 0 0 0 6 6 0 1 2 5 1 1 0 0 0 0 0 0
5759 0 0 0 0 0 0 0 1 11 0 0 0 0 0 0 0 0 2 2 0 0 0 0 1 5 0 0 0 0 0 0
5785 0 0 0 0 0 0 0 1 11 0 0 0 0 0 0 0 0 4 4 0 0 0 0 1 1 0 0 0 0 0 0
5795 3 0 0 0 0 3 8 0 0 0 0 0 0 0 0 0 0 6 6 0 3 5 4 1 2 0 0 0 0 0 0
5797 4 0 0 0 0 4 8 0 0 0 0 0 0 0 0 0 0 6 6 0 4 6 3 1 1 0 0 0 0 0 0
5803 1 0 0 0 0 1 5 0 0 0 0 0 0 0 0 0 0 7 7 0 3 3 5 1 2 0 0 0 0 0 0
2398 0 0 0 0 0 0 0 0 0 7 0 0 0 0 0 0 0 8 8 0 0 0 0 1 5 0 0 0 0 0 0
5829 1 0 0 0 0 1 5 0 0 0 0 0 0 0 0 0 0 8 8 0 1 1 7 1 6 0 0 0 0 0 0
5832 1 0 0 0 0 1 5 0 0 0 0 0 0 0 0 0 0 7 7 2 1 1 6 0 6 0 0 0 0 0 0
5842 2 1 4 0 0 1 4 1 4 0 0 0 0 0 0 0 0 6 4 2 4 7 2 0 1 0 0 0 0 0 0
5887 1 0 0 0 0 1 5 0 0 0 0 0 0 0 0 0 0 6 6 0 1 2 6 0 2 0 0 0 0 0 0
5888 1 0 0 0 0 1 5 0 0 0 0 0 0 0 0 0 0 6 6 0 1 2 6 0 2 0 0 0 0 0 0
5893 1 0 0 0 0 1 5 0 0 0 0 0 0 0 0 0 0 6 6 0 1 1 4 0 3 0 0 0 0 0 0
5912 1 0 0 0 0 1 5 0 0 0 0 0 0 0 0 0 0 8 8 0 7 4 7 0 2 0 0 0 0 0 0
5917 1 1 5 0 0 0 0 0 0 0 0 0 0 0 0 0 0 6 5 1 1 2 3 0 2 0 0 0 0 0 0
5923 1 0 0 0 0 1 5 0 0 0 0 0 0 0 0 0 0 5 5 0 1 2 2 1 2 0 0 0 0 0 0
5930 4 4 8 0 0 0 0 0 0 0 0 0 0 0 0 0 0 8 7 7 7 6 3 0 2 0 0 0 0 0 0
5933 6 5 8 1 2 0 0 0 0 0 0 0 0 0 0 0 0 6 2 5 6 0 1 0 2 0 0 0 0 0 0
5942 1 0 0 0 0 1 5 0 0 0 0 0 0 0 0 0 0 7 7 3 7 10 1 0 4 0 0 0 0 0 0
5956 1 0 0 0 0 1 5 0 0 0 0 0 0 0 0 0 0 8 8 1 1 1 3 1 4 0 0 0 0 0 0
5967 1 1 5 0 0 0 0 0 0 0 0 0 0 0 0 0 0 7 7 2 1 1 7 0 1 0 0 0 0 0 0
6001 5 3 5 0 0 0 0 1 2 0 0 1 2 1 2 0 0 8 7 4 8 0 6 0 3 0 0 0 0 0 0
2403 2 2 7 0 0 0 0 0 0 0 0 0 0 0 0 0 0 6 6 2 2 3 6 0 4 0 0 0 0 0 0
2404 2 2 7 0 0 0 0 0 0 0 0 0 0 0 0 0 0 6 6 2 2 3 6 0 4 0 0 0 0 0 0
6056 2 2 7 0 0 0 0 0 0 0 0 0 0 0 0 0 0 5 2 3 4 8 2 0 4 0 0 0 0 0 0
2416 0 0 0 0 0 0 0 0 0 7 0 0 0 0 0 0 0 8 8 0 0 0 0 1 5 0 0 0 0 0 0
6100 1 0 0 1 5 0 0 2 11 0 0 0 0 0 0 0 0 7 7 0 7 10 1 1 4 0 0 0 0 0 0
6103 1 0 0 0 0 1 5 0 0 0 0 0 0 0 0 0 0 4 4 0 1 3 3 0 3 0 0 0 0 0 0
6126 1 0 0 0 0 1 5 0 0 0 0 0 0 0 0 0 0 2 2 0 1 5 1 1 4 0 0 0 0 0 0
2420 6 1 2 5 8 0 0 0 0 0 0 0 0 0 0 0 0 6 6 1 6 11 5 0 2 0 0 0 0 0 0
6133 1 0 0 0 0 1 5 0 0 0 0 0 0 0 0 0 0 5 5 0 4 8 1 1 3 0 0 0 0 0 0
6146 1 0 0 0 0 1 5 0 0 0 0 0 0 0 0 0 0 7 7 0 4 3 6 0 1 0 0 0 0 0 0
6176 1 0 0 0 0 1 5 0 0 0 0 0 0 0 0 0 0 6 6 0 1 2 5 1 3 0 0 0 0 0 0
2424 5 5 9 0 0 0 0 0 0 0 0 0 0 0 0 0 0 7 3 6 7 0 4 0 3 0 0 0 0 0 0
6195 1 1 5 0 0 0 0 0 0 0 0 0 0 0 0 0 0 3 2 1 1 4 2 0 3 0 0 0 0 0 0
6227 1 0 0 0 0 1 5 0 0 0 0 0 0 0 0 0 0 8 8 0 1 1 1 0 4 0 0 0 0 0 0
6241 2 0 0 0 0 0 0 0 0 0 0 2 7 0 0 0 0 7 7 0 2 2 1 0 2 0 0 0 0 0 0
6258 6 1 2 4 5 2 3 1 2 0 0 0 0 0 0 0 0 8 8 0 8 0 6 0 3 0 0 0 0 0 0
6291 1 0 0 0 0 1 5 0 0 0 0 0 0 0 0 0 0 6 6 0 4 5 1 0 2 0 0 0 0 0 0
6367 1 0 0 0 0 1 5 0 0 0 0 0 0 0 0 0 0 6 6 0 2 3 2 0 2 0 0 0 0 0 0
6387 2 0 0 1 4 1 4 1 4 0 0 0 0 0 0 0 0 7 8 2 4 2 6 0 6 0 0 0 0 0 0
6403 0 0 0 0 0 0 0 6 0 0 0 0 0 0 0 0 0 8 8 0 0 0 0 1 4 0 0 0 0 0 0
2622 1 1 5 0 0 0 0 0 0 0 0 0 0 0 0 0 0 6 6 0 1 2 1 1 3 0 0 0 0 0 0
6415 1 0 0 0 0 1 5 0 0 0 0 0 0 0 0 0 0 6 6 0 1 2 2 1 5 0 0 0 0 0 0
6418 1 0 0 1 5 0 0 0 0 0 0 0 0 0 0 0 0 7 7 1 1 1 3 0 2 0 0 0 0 0 0
2629 1 0 0 0 0 0 0 0 0 0 0 1 5 0 0 0 0 7 7 1 1 1 4 0 2 0 0 0 0 0 0
6422 4 2 4 2 4 0 0 0 0 0 0 0 0 0 0 0 0 8 7 1 4 2 3 0 3 0 0 0 0 0 0
6423 1 1 5 0 0 0 0 0 0 0 0 0 0 0 0 0 0 6 6 1 1 2 3 0 3 0 0 0 0 0 0
6441 1 0 0 0 0 1 5 0 0 0 0 0 0 0 0 0 0 7 7 0 1 1 3 0 3 0 0 0 0 0 0
6479 1 0 0 0 0 1 5 0 0 0 0 0 0 0 0 0 0 6 6 0 1 1 1 0 7 0 0 0 0 0 0
6489 6 5 8 0 0 0 0 0 0 0 0 0 0 1 2 0 0 8 7 7 8 9 8 0 3 0 0 0 0 0 0
2639 4 3 6 1 2 0 0 0 0 0 0 0 0 0 0 0 0 6 6 2 6 8 1 0 5 0 0 0 0 0 0
6503 2 0 0 2 7 0 0 0 0 0 0 0 0 0 0 0 0 3 5 2 2 7 1 0 3 0 0 0 0 0 0
2640 4 3 6 1 2 0 0 0 0 0 0 0 0 0 0 0 0 6 5 2 6 9 1 0 5 0 0 0 0 0 0
6505 1 0 0 0 0 0 0 0 0 0 0 1 5 0 0 0 0 6 6 0 1 2 2 0 7 0 0 0 0 0 0
6524 1 0 0 0 0 1 5 0 0 0 0 0 0 0 0 0 0 5 5 0 1 2 4 0 3 0 0 0 0 0 0
2648 1 0 0 0 0 1 5 0 0 0 0 0 0 0 0 0 0 8 8 0 1 1 7 0 6 0 0 0 0 0 0
2658 1 1 5 0 0 0 0 0 0 0 0 0 0 0 0 0 0 7 7 2 1 1 6 0 5 0 0 0 0 0 0
6530 1 0 0 0 0 1 5 0 0 0 0 0 0 0 0 0 0 4 4 0 3 8 1 0 6 0 0 0 0 0 0
6533 1 0 0 0 0 1 5 0 0 0 0 0 0 0 0 0 0 6 6 0 3 3 5 0 2 0 0 0 0 0 0
6535 1 0 0 0 0 1 5 0 0 0 0 0 0 0 0 0 0 5 5 0 1 2 4 1 6 0 0 0 0 0 0
2706 2 1 4 1 4 0 0 0 0 0 0 0 0 0 0 0 0 6 6 0 2 4 5 0 6 0 0 0 0 0 0
6552 1 0 0 0 0 1 5 0 0 0 0 0 0 0 0 0 0 8 8 0 6 4 1 1 4 0 0 0 0 0 0
6575 3 2 5 1 3 0 0 0 0 0 0 0 0 0 0 0 0 6 6 0 6 7 6 0 6 0 0 0 0 0 0
6576 4 2 4 1 2 1 2 0 0 0 0 0 0 0 0 0 0 6 6 0 6 9 6 0 6 0 0 0 0 0 0
6577 3 2 5 1 3 0 0 0 0 0 0 0 0 0 0 0 0 6 6 0 6 8 6 0 6 0 0 0 0 0 0
2751 1 0 0 0 0 1 5 0 0 0 0 0 0 0 0 0 0 4 4 0 1 3 3 1 3 0 0 0 0 0 0
2753 1 0 0 0 0 1 5 0 0 0 0 0 0 0 0 0 0 4 4 0 1 3 1 1 3 0 0 0 0 0 0
6602 3 1 3 2 5 0 0 0 0 0 0 0 0 0 0 0 0 7 7 0 3 2 5 0 5 0 0 0 0 0 0
2754 3 1 3 1 3 1 3 0 0 0 0 0 0 0 0 0 0 5 4 1 4 8 3 0 4 0 0 0 0 0 0
6610 3 0 0 1 3 1 3 0 0 0 0 1 3 0 0 0 0 5 6 5 3 6 1 0 5 0 0 0 0 0 0
6613 1 0 0 0 0 1 5 0 0 0 0 0 0 0 0 0 0 2 2 0 1 5 1 1 3 0 0 0 0 0 0
6634 1 1 5 0 0 0 0 0 0 0 0 0 0 0 0 0 0 2 1 1 1 5 1 0 6 0 0 0 0 0 0
6677 3 2 5 0 0 0 0 1 3 0 0 0 0 1 3 0 0 6 2 5 6 0 2 0 5 0 0 0 0 0 0
6713 2 2 7 0 0 0 0 0 0 0 0 0 0 0 0 0 0 6 6 2 2 3 5 0 3 0 0 0 0 0 0
6730 1 0 0 0 0 1 5 0 0 0 0 0 0 0 0 0 0 3 3 0 1 4 1 0 4 0 0 0 0 0 0
2792 2 2 7 0 0 0 0 0 0 0 0 0 0 0 0 0 0 6 5 2 2 3 4 0 6 0 0 0 0 0 0
6738 1 0 0 0 0 1 5 0 0 0 0 0 0 0 0 0 0 7 7 0 1 1 7 1 2 0 0 0 0 0 0
6748 2 1 4 1 4 0 0 0 0 0 0 0 0 0 0 0 0 8 8 0 2 1 2 0 3 0 0 0 0 0 0
6788 4 3 6 0 0 0 0 0 0 0 0 0 0 1 2 0 0 7 5 6 7 0 2 0 2 0 0 0 0 0 0
6789 0 0 0 0 0 0 0 2 0 1 11 0 0 0 0 0 0 6 6 0 0 0 0 1 2 0 0 0 0 0 0
6796 5 3 5 0 0 1 2 0 0 0 0 0 0 1 2 0 0 8 7 4 6 4 7 0 3 0 0 0 0 0 0
6806 1 0 0 0 0 1 5 0 0 0 0 0 0 0 0 0 0 7 7 0 6 5 6 1 6 0 0 0 0 0 0
6811 1 0 0 0 0 1 5 0 0 0 0 0 0 0 0 0 0 5 5 0 1 2 4 0 3 0 0 0 0 0 0
6840 0 0 0 0 0 0 0 1 11 0 0 0 0 0 0 0 0 4 4 0 0 0 0 1 2 0 0 0 0 0 0
6844 0 0 0 0 0 0 0 4 0 0 0 0 0 0 0 0 0 7 7 0 0 0 0 1 2 0 0 0 0 0 0
6854 2 0 0 0 0 2 7 0 0 0 0 0 0 0 0 0 0 6 6 0 2 3 3 1 2 0 0 0 0 0 0
6875 1 0 0 0 0 1 5 0 0 0 0 0 0 0 0 0 0 4 4 0 1 3 1 1 4 0 0 0 0 0 0
6883 4 0 0 0 0 4 8 0 0 0 0 0 0 0 0 0 0 6 6 2 4 5 5 0 4 0 0 0 0 0 0
6886 1 1 5 0 0 0 0 0 0 0 0 0 0 0 0 0 0 6 6 1 1 1 6 0 2 0 0 0 0 0 0
6917 1 1 5 0 0 0 0 0 0 0 0 0 0 0 0 0 0 6 5 1 1 2 5 0 2 0 0 0 0 0 0
2800 1 0 0 0 0 0 0 0 0 0 0 1 5 0 0 0 0 6 6 0 1 2 1 0 2 0 0 0 0 0 0
2813 1 0 0 0 0 1 5 0 0 0 0 0 0 0 0 0 0 6 6 0 1 2 4 0 5 0 0 0 0 0 0
6927 1 0 0 0 0 1 5 0 0 0 0 0 0 0 0 0 0 5 6 2 1 2 4 0 7 0 0 0 0 0 0
6931 3 1 3 1 3 1 3 0 0 0 0 0 0 0 0 0 0 6 6 0 3 3 6 0 2 0 0 0 0 0 0
2833 1 1 5 0 0 0 0 0 0 0 0 0 0 0 0 0 0 2 2 0 1 5 1 0 2 0 0 0 0 0 0
6952 1 0 0 0 0 1 5 0 0 0 0 0 0 0 0 0 0 2 2 0 1 5 1 1 4 0 0 0 0 0 0
6976 2 0 0 0 0 2 7 0 0 0 0 0 0 0 0 0 0 7 7 0 4 4 6 1 2 0 0 0 0 0 0
6982 1 0 0 0 0 1 5 0 0 0 0 0 0 0 0 0 0 7 7 0 1 1 7 0 4 0 0 0 0 0 0
2839 1 0 0 0 0 1 5 0 0 0 0 0 0 0 0 0 0 6 6 0 2 3 4 1 3 0 0 0 0 0 0
2847 1 0 0 1 5 0 0 0 0 0 0 0 0 0 0 0 0 6 6 0 1 2 4 0 3 0 0 0 0 0 0
6996 2 0 0 0 0 2 7 0 0 0 0 0 0 0 0 0 0 8 8 0 8 10 1 1 6 0 0 0 0 0 0
7000 1 0 0 0 0 1 5 0 0 0 0 0 0 0 0 0 0 6 6 0 4 5 1 1 1 0 0 0 0 0 0
7034 2 0 0 0 0 2 7 0 0 0 0 0 0 0 0 0 0 7 7 0 2 2 1 1 2 0 0 0 0 0 0
7035 2 0 0 0 0 2 7 0 0 0 0 0 0 0 0 0 0 7 7 0 2 2 1 1 2 0 0 0 0 0 0
7036 2 0 0 0 0 2 7 0 0 0 0 0 0 0 0 0 0 7 7 0 2 2 1 1 2 0 0 0 0 0 0
7041 1 0 0 0 0 1 5 0 0 0 0 0 0 0 0 0 0 6 6 0 1 2 1 1 2 0 0 0 0 0 0
7042 1 0 0 0 0 1 5 0 0 0 0 0 0 0 0 0 0 6 6 0 1 2 1 1 2 0 0 0 0 0 0
7046 1 0 0 0 0 1 5 0 0 0 0 0 0 0 0 0 0 6 6 0 1 2 1 1 2 0 0 0 0 0 0
7202 1 0 0 0 0 1 5 0 0 0 0 0 0 0 0 0 0 6 6 0 1 2 5 0 0 0 0 0 0 0 0
2889 1 0 0 0 0 1 5 0 0 0 0 0 0 0 0 0 0 8 8 0 2 1 8 0 3 0 0 0 0 0 0
7233 2 0 0 0 0 2 7 0 0 0 0 0 0 0 0 0 0 3 4 1 2 7 2 1 4 0 0 0 0 0 0
7275 1 0 0 0 0 1 5 0 0 0 0 0 0 0 0 0 0 7 7 0 1 1 2 1 4 0 0 0 0 0 0
2893 1 1 5 0 0 0 0 0 0 0 0 0 0 0 0 0 0 8 8 1 1 1 6 0 4 0 0 0 0 0 0
7358 4 4 8 0 0 0 0 0 0 0 0 0 0 0 0 0 0 7 6 6 6 6 6 0 6 0 0 0 0 0 0
2905 1 0 0 0 0 0 0 0 0 0 0 1 5 0 0 0 0 6 6 0 1 1 1 0 5 0 0 0 0 0 0
7393 1 0 0 0 0 1 5 0 0 0 0 0 0 0 0 0 0 6 6 0 5 9 1 1 4 0 0 0 0 0 0
7443 1 0 0 0 0 1 5 0 0 0 0 0 0 0 0 0 0 8 8 0 3 2 5 1 3 0 0 0 0 0 0
2907 2 2 7 0 0 0 0 0 0 0 0 0 0 0 0 0 0 4 4 0 3 8 2 1 4 0 0 0 0 0 0
7457 3 1 3 0 0 2 5 0 0 0 0 0 0 0 0 0 0 7 7 1 3 3 5 0 2 0 0 0 0 0 0
7459 2 0 0 0 0 2 7 0 0 0 0 0 0 0 0 0 0 6 6 0 2 2 3 0 2 0 0 0 0 0 0
2928 1 0 0 0 0 1 5 0 0 0 0 0 0 0 0 0 0 6 5 1 1 2 1 1 3 0 0 0 0 0 0
7469 6 2 3 2 3 3 4 0 0 1 2 0 0 0 0 0 0 8 8 0 6 3 7 0 2 0 0 0 0 0 0
7485 1 1 5 0 0 0 0 0 0 0 0 0 0 0 0 0 0 7 7 4 4 3 6 0 4 0 0 0 0 0 0
2932 1 0 0 0 0 1 5 0 0 0 0 0 0 0 0 0 0 6 6 0 1 2 6 0 2 0 0 0 0 0 0
2974 1 0 0 1 5 0 0 0 0 0 0 0 0 0 0 0 0 2 2 0 1 5 1 1 4 0 0 0 0 0 0
3006 1 1 5 0 0 0 0 0 0 0 0 0 0 0 0 0 0 6 6 2 1 2 6 0 3 0 0 0 0 0 0
3043 1 1 5 0 0 0 0 0 0 0 0 0 0 0 0 0 0 7 7 1 1 1 7 0 3 0 0 0 0 0 0
3046 1 0 0 0 0 1 5 0 0 1 5 0 0 0 0 0 0 6 6 0 1 2 1 0 6 0 0 0 0 0 0
3096 2 2 7 0 0 0 0 0 0 0 0 0 0 0 0 0 0 6 6 1 3 3 1 1 6 0 0 0 0 0 0
3098 5 4 7 1 2 0 0 0 0 0 0 0 0 0 0 0 0 8 8 4 5 2 6 0 5 0 0 0 0 0 0
3108 2 1 4 1 4 0 0 0 0 0 0 0 0 0 0 0 0 1 6 5 6 0 1 0 2 0 0 0 0 0 0
3127 5 3 5 1 2 0 0 1 2 0 0 0 0 1 2 0 0 7 7 2 6 6 2 0 2 0 0 0 0 0 0
3146 1 0 0 0 0 1 5 0 0 0 0 0 0 0 0 0 0 8 8 4 7 6 6 0 3 0 0 0 0 0 0
3151 1 0 0 0 0 1 5 0 0 0 0 0 0 0 0 0 0 7 7 4 7 11 1 0 2 0 0 0 0 0 0
3153 2 2 7 0 0 0 0 0 0 0 0 0 0 0 0 0 0 4 4 0 3 8 2 1 4 0 0 0 0 0 0
3161 2 0 0 0 0 2 7 0 0 0 0 0 0 0 0 0 0 6 6 1 3 5 2 1 3 0 0 0 0 0 0
3163 4 0 0 3 6 1 2 0 0 0 0 0 0 0 0 0 0 6 5 2 6 0 2 0 1 0 0 0 0 0 0
7493 1 0 0 0 0 1 5 0 0 0 0 0 0 0 0 0 0 4 4 0 1 3 3 1 6 0 0 0 0 0 0
7515 1 0 0 0 0 1 5 0 0 0 0 0 0 0 0 0 0 7 7 0 1 1 6 1 2 0 0 0 0 0 0
7518 2 0 0 0 0 2 7 0 0 0 0 0 0 0 0 0 0 6 6 0 2 3 1 1 3 0 0 0 0 0 0
7520 3 0 0 0 0 3 8 0 0 0 0 0 0 0 0 0 0 7 7 0 3 2 5 1 3 0 0 0 0 0 0
7552 3 0 0 0 0 3 8 0 0 0 0 0 0 0 0 0 0 8 8 0 3 2 5 0 3 0 0 0 0 0 0
7557 4 2 4 2 4 0 0 0 0 0 0 0 0 0 0 0 0 6 6 0 4 5 1 0 5 0 0 0 0 0 0
7561 4 0 0 0 0 4 8 0 0 0 0 0 0 0 0 0 0 8 8 0 4 2 1 0 5 0 0 0 0 0 0
7625 1 1 5 0 0 0 0 0 0 0 0 0 0 0 0 0 0 4 4 0 1 3 1 1 7 0 0 0 0 0 0
7667 1 0 0 0 0 1 5 0 0 0 0 0 0 0 0 0 0 7 7 0 7 10 1 1 4 0 0 0 0 0 0
7692 4 0 0 0 0 4 8 0 0 0 0 0 0 0 0 0 0 6 7 7 4 6 3 1 2 0 0 0 0 0 0
7716 1 0 0 0 0 1 5 0 0 0 0 0 0 0 0 0 0 2 2 0 1 5 1 0 5 0 0 0 0 0 0
7745 1 0 0 0 0 0 0 0 0 0 0 1 5 0 0 0 0 4 4 0 1 3 1 1 4 0 0 0 0 0 0
7746 1 0 0 0 0 1 5 0 0 0 0 0 0 0 0 0 0 6 6 0 1 2 4 1 2 0 0 0 0 0 0
7747 1 0 0 0 0 1 5 0 0 0 0 0 0 0 0 0 0 6 6 0 1 2 4 1 2 0 0 0 0 0 0
7768 1 0 0 0 0 1 5 0 0 0 0 0 0 0 0 0 0 8 8 0 1 1 7 1 3 0 0 0 0 0 0
7779 1 1 5 0 0 0 0 2 11 0 0 0 0 0 0 0 0 7 6 2 6 5 3 0 3 0 0 0 0 0 0
7823 1 0 0 0 0 1 5 0 0 0 0 0 0 0 0 0 0 7 7 0 1 1 1 1 6 0 0 0 0 0 0
7849 5 3 5 0 0 2 4 0 0 1 2 0 0 0 0 0 0 8 8 3 5 2 2 0 6 0 0 0 0 0 0
7862 3 2 5 0 0 0 0 1 3 0 0 0 0 1 3 0 0 6 2 5 6 0 2 0 5 0 0 0 0 0 0
7885 1 0 0 0 0 1 5 0 0 0 0 0 0 0 0 0 0 7 7 0 1 1 2 0 3 0 0 0 0 0 0
7889 4 0 0 0 0 4 8 0 0 0 0 0 0 0 0 0 0 5 5 0 4 8 1 0 3 0 0 0 0 0 0
7910 2 2 7 0 0 0 0 0 0 0 0 0 0 0 0 0 0 7 7 2 2 2 7 0 3 0 0 0 0 0 0
7926 6 1 2 1 2 3 5 0 0 0 0 1 2 0 0 0 0 6 6 0 6 7 4 0 4 0 0 0 0 0 0
7955 1 0 0 0 0 1 5 0 0 0 0 0 0 0 0 0 0 7 7 0 1 1 6 1 3 0 0 0 0 0 0
7975 1 0 0 0 0 1 5 0 0 0 0 0 0 0 0 0 0 7 7 1 7 10 1 0 4 0 0 0 0 0 0
7994 3 3 8 0 0 0 0 1 3 2 5 0 0 0 0 0 0 7 6 6 3 2 5 0 2 0 0 0 0 0 0
8001 2 0 0 0 0 2 7 0 0 0 0 0 0 0 0 0 0 6 6 0 2 3 2 0 2 0 0 0 0 0 0
8027 1 0 0 0 0 1 5 0 0 0 0 0 0 0 0 0 0 2 2 0 1 5 1 1 3 0 0 0 0 0 0
8070 5 3 5 1 2 1 2 1 2 0 0 0 0 0 0 0 0 6 6 3 5 5 6 0 2 0 0 0 0 0 0
8094 1 0 0 0 0 1 5 0 0 0 0 0 0 0 0 0 0 2 2 0 1 5 1 1 4 0 0 0 0 0 0
8116 1 0 0 1 5 0 0 0 0 0 0 0 0 0 0 0 0 4 5 1 1 3 3 0 3 0 0 0 0 0 0
8117 1 0 0 1 5 0 0 0 0 0 0 0 0 0 0 0 0 4 5 1 1 3 3 0 3 0 0 0 0 0 0
8227 1 1 5 0 0 0 0 0 0 0 0 0 0 0 0 0 0 4 2 2 1 3 3 0 3 0 0 0 0 0 0
8229 1 0 0 1 5 0 0 0 0 0 0 0 0 0 0 0 0 1 2 1 1 11 1 0 3 0 0 0 0 0 0
8236 1 0 0 0 0 1 5 0 0 0 0 0 0 0 0 0 0 7 7 0 1 1 6 0 3 0 0 0 0 0 0
8249 1 0 0 0 0 1 5 0 0 0 0 0 0 0 0 0 0 2 2 0 1 5 1 0 1 0 0 0 0 0 0
8261 4 1 2 1 2 1 2 0 0 0 0 1 2 0 0 0 0 6 6 0 4 5 3 0 4 0 0 0 0 0 0
8284 2 1 4 1 4 0 0 4 0 0 0 0 0 0 0 0 0 6 6 1 2 3 6 1 5 0 0 0 0 0 0
8286 1 0 0 0 0 1 5 0 0 0 0 0 0 0 0 0 0 8 8 4 1 1 8 0 4 0 0 0 0 0 0
8310 1 0 0 0 0 1 5 0 0 0 0 0 0 0 0 0 0 4 4 0 3 8 1 0 4 0 0 0 0 0 0
8320 2 0 0 0 0 2 7 0 0 0 0 0 0 0 0 0 0 7 7 0 2 2 1 1 5 0 0 0 0 0 0
8323 2 0 0 0 0 2 7 0 0 0 0 0 0 0 0 0 0 5 5 0 2 4 1 1 5 0 0 0 0 0 0
8329 2 1 4 1 4 0 0 0 0 0 0 0 0 0 0 0 0 6 6 0 2 3 3 0 7 0 0 0 0 0 0
8337 2 0 0 0 0 2 7 0 0 0 0 0 0 0 0 0 0 7 7 0 2 2 4 0 3 0 0 0 0 0 0
8355 3 0 0 0 0 3 8 0 0 0 0 0 0 0 0 0 0 8 8 0 3 1 1 1 3 0 0 0 0 0 0
8390 2 0 0 1 4 1 4 1 4 0 0 0 0 0 0 0 0 4 6 2 4 11 2 0 1 0 0 0 0 0 0
8437 1 0 0 0 0 1 5 0 0 0 0 0 0 0 0 0 0 7 7 0 1 1 7 1 6 0 0 0 0 0 0
8441 2 0 0 0 0 1 4 0 0 0 0 1 4 0 0 0 0 8 8 0 2 1 7 1 6 0 0 0 0 0 0
8464 4 2 4 2 4 0 0 0 0 0 0 0 0 0 0 0 0 6 6 4 6 11 5 0 2 0 0 0 0 0 0
8476 2 1 4 1 4 0 0 0 0 0 0 0 0 0 0 0 0 2 2 0 2 11 1 0 6 0 0 0 0 0 0
8510 1 0 0 0 0 1 5 0 0 0 0 0 0 0 0 0 0 2 2 0 1 5 1 1 4 0 0 0 0 0 0
8541 2 0 0 1 4 1 4 1 4 0 0 0 0 0 0 0 0 3 5 2 4 0 1 0 3 0 0 0 0 0 0
8584 1 0 0 0 0 1 5 0 0 0 0 0 0 0 0 0 0 8 8 3 1 1 8 0 2 0 0 0 0 0 0
8603 1 0 0 0 0 1 5 0 0 0 0 0 0 0 0 0 0 4 4 0 1 3 1 0 4 0 0 0 0 0 0
8663 2 0 0 0 0 2 7 0 0 0 0 0 0 0 0 0 0 6 6 0 2 3 2 1 2 0 0 0 0 0 0
8673 6 6 6 0 0 1 1 3 3 0 0 0 0 2 2 0 0 8 8 7 8 10 7 0 4 0 0 0 0 0 0
8705 2 2 7 0 0 0 0 0 0 0 0 0 0 0 0 0 0 7 2 7 4 3 6 0 2 0 0 0 0 0 0
8745 1 0 0 0 0 1 5 0 0 0 0 0 0 0 0 0 0 3 3 0 1 4 2 0 3 0 0 0 0 0 0
8824 1 1 5 0 0 0 0 0 0 0 0 0 0 0 0 0 0 7 7 1 1 1 6 0 4 0 0 0 0 0 0
3474 0 0 0 0 0 0 0 0 0 1 11 0 0 0 0 0 0 2 2 0 0 0 0 1 3 0 0 0 0 0 0
3480 0 0 0 0 0 0 0 0 0 1 11 0 0 0 0 0 0 2 2 0 0 0 0 1 3 0 0 0 0 0 0
3483 0 0 0 0 0 0 0 0 0 1 11 0 0 0 0 0 0 2 2 0 0 0 0 1 3 0 0 0 0 0 0
3494 1 0 0 0 0 0 0 0 0 0 0 1 5 0 0 0 0 8 8 0 1 1 7 1 1 0 0 0 0 0 0
3545 2 0 0 2 7 0 0 0 0 0 0 0 0 0 0 0 0 2 5 3 4 0 2 0 3 0 0 0 0 0 0
3560 3 2 5 0 0 0 0 1 3 0 0 0 0 1 3 0 0 8 7 5 6 5 7 0 3 0 0 0 0 0 0
3567 5 0 0 0 0 1 2 1 2 0 0 2 4 1 2 1 2 8 8 1 8 0 6 0 1 0 0 0 0 0 0
3580 2 2 7 0 0 0 0 0 0 0 0 0 0 0 0 0 0 7 6 5 4 3 3 0 3 0 0 0 0 0 0
3589 6 6 7 0 0 2 3 0 0 1 2 0 0 0 0 0 0 8 8 6 7 4 8 0 2 0 0 0 0 0 0
3602 1 1 5 0 0 0 0 0 0 0 0 0 0 0 0 0 0 6 6 0 1 1 3 1 5 0 0 0 0 0 0
3614 6 0 0 0 0 6 9 0 0 0 0 0 0 0 0 0 0 6 6 0 6 9 1 1 2 0 0 0 0 0 0
3625 2 0 0 0 0 2 7 0 0 0 0 0 0 0 0 0 0 5 5 0 2 4 1 1 2 0 0 0 0 0 0
3629 7 0 0 0 0 7 10 0 0 0 0 0 0 0 0 0 0 7 7 0 7 7 1 1 3 0 0 0 0 0 0
3636 7 0 0 0 0 7 10 0 0 0 0 0 0 0 0 0 0 7 7 0 7 8 1 1 5 0 0 0 0 0 0
3637 4 0 0 0 0 4 8 0 0 0 0 0 0 0 0 0 0 6 6 0 4 6 1 1 5 0 0 0 0 0 0
3640 4 0 0 0 0 4 8 0 0 0 0 0 0 0 0 0 0 6 6 0 4 6 1 1 5 0 0 0 0 0 0
3676 1 0 0 0 0 1 5 0 0 0 0 0 0 0 0 0 0 6 6 0 1 2 2 0 2 0 0 0 0 0 0
3685 4 2 4 2 4 0 0 0 0 0 0 0 0 0 0 0 0 7 7 0 4 4 1 0 6 0 0 0 0 0 0
3696 4 2 4 0 0 2 4 0 0 0 0 0 0 0 0 0 0 8 8 6 7 5 7 0 3 0 0 0 0 0 0
3710 1 0 0 0 0 1 5 0 0 0 0 0 0 0 0 0 0 8 8 0 1 1 4 0 3 0 0 0 0 0 0
3725 2 0 0 0 0 2 7 0 0 0 0 0 0 0 0 0 0 5 5 0 2 4 4 0 3 0 0 0 0 0 0
3764 2 2 7 0 0 0 0 1 4 0 0 0 0 0 0 0 0 6 6 3 5 6 4 0 3 0 0 0 0 0 0
3775 3 2 5 0 0 1 3 0 0 0 0 0 0 0 0 0 0 8 8 3 5 2 7 0 6 0 0 0 0 0 0
3808 1 1 5 0 0 0 0 0 0 0 0 0 0 0 0 0 0 7 7 1 1 1 6 0 3 0 0 0 0 0 0
3812 2 2 7 0 0 0 0 0 0 0 0 0 0 0 0 0 0 7 6 3 2 2 7 0 5 0 0 0 0 0 0
3815 2 0 0 0 0 2 7 0 0 0 0 0 0 0 0 0 0 3 3 0 2 7 1 1 2 0 0 0 0 0 0
3820 1 0 0 0 0 1 5 0 0 0 0 0 0 0 0 0 0 6 6 0 6 9 1 1 4 0 0 0 0 0 0
3826 2 1 4 1 4 0 0 0 0 0 0 0 0 0 0 0 0 5 2 3 5 11 1 0 3 0 0 0 0 0 0
3860 5 1 2 3 5 1 2 2 4 0 0 0 0 0 0 0 0 7 8 2 8 0 1 0 5 0 0 0 0 0 0
3867 2 1 4 1 4 0 0 0 0 0 0 0 0 0 0 0 0 6 6 0 2 3 2 0 6 0 0 0 0 0 0
3871 2 1 4 1 4 0 0 0 0 0 0 0 0 0 0 0 0 6 6 0 2 4 1 0 6 0 0 0 0 0 0
3872 6 0 0 6 9 0 0 0 0 0 0 0 0 0 0 0 0 7 7 0 6 8 2 0 4 0 0 0 0 0 0
3878 0 0 0 0 0 0 0 1 11 0 0 0 0 0 0 0 0 7 7 1 0 0 0 0 5 0 0 0 0 0 0
3881 7 3 3 6 5 4 3 2 2 0 0 0 0 0 0 0 0 7 7 2 8 0 5 0 4 0 0 0 0 0 0
3886 0 0 0 0 0 0 0 3 0 0 0 0 0 0 0 0 0 5 5 0 0 0 0 1 3 0 0 0 0 0 0
3889 7 3 3 6 5 4 3 2 2 0 0 0 0 0 0 0 0 7 7 2 8 0 5 0 4 0 0 0 0 0 0
3935 3 1 3 0 0 1 3 0 0 0 0 1 3 0 0 0 0 6 6 2 3 3 5 0 2 0 0 0 0 0 0
3941 1 0 0 0 0 0 0 0 0 0 0 1 5 0 0 0 0 7 6 4 1 1 3 0 3 0 0 0 0 0 0
3942 3 3 8 0 0 0 0 0 0 0 0 0 0 0 0 0 0 8 7 7 7 7 7 0 3 0 0 0 0 0 0
3950 1 0 0 1 5 0 0 1 5 0 0 0 0 0 0 0 0 5 6 2 3 6 2 0 2 0 0 0 0 0 0
3962 1 1 5 0 0 0 0 1 5 0 0 0 0 0 0 0 0 6 4 2 3 5 2 0 1 0 0 0 0 0 0
4007 2 2 7 0 0 0 0 2 7 0 0 0 0 0 0 0 0 7 7 4 6 4 3 0 3 0 0 0 0 0 0
4009 2 2 7 0 0 0 0 2 7 0 0 0 0 0 0 0 0 7 6 4 6 5 3 0 3 0 0 0 0 0 0
4024 6 2 2 6 6 1 1 0 0 0 0 0 0 0 0 0 0 7 7 6 7 0 4 0 4 0 0 0 0 0 0
4027 1 1 5 0 0 0 0 0 0 1 5 0 0 0 0 0 0 6 6 0 1 2 5 1 5 0 0 0 0 0 0
4029 3 1 3 0 0 2 5 0 0 0 0 0 0 0 0 0 0 7 7 4 6 4 6 0 6 0 0 0 0 0 0
4081 3 0 0 0 0 3 8 0 0 0 0 0 0 0 0 0 0 7 7 0 3 3 5 0 2 0 0 0 0 0 0
4093 1 0 0 0 0 1 5 0 0 0 0 0 0 0 0 0 0 6 6 0 1 2 2 1 1 0 0 0 0 0 0
4104 2 1 4 1 4 0 0 0 0 0 0 0 0 0 0 0 0 7 7 0 2 2 4 0 6 0 0 0 0 0 0
4111 3 1 3 1 3 1 3 1 3 0 0 0 0 0 0 0 0 6 6 0 6 0 1 0 2 0 0 0 0 0 0
4163 2 0 0 1 4 1 4 0 0 0 0 0 0 0 0 0 0 8 8 1 2 1 8 0 2 0 0 0 0 0 0
4170 1 0 0 0 0 1 5 0 0 0 0 0 0 0 0 0 0 7 7 0 1 1 2 0 3 0 0 0 0 0 0
8825 1 0 0 0 0 1 5 0 0 0 0 0 0 0 0 0 0 7 7 1 1 1 7 0 3 0 0 0 0 0 0
8876 1 0 0 0 0 1 5 0 0 0 0 0 0 0 0 0 0 4 4 0 1 3 1 0 5 0 0 0 0 0 0
8887 2 0 0 1 4 1 4 1 4 0 0 0 0 0 0 0 0 7 7 2 4 3 7 0 3 0 0 0 0 0 0
8888 4 2 4 2 4 0 0 0 0 0 0 0 0 0 0 0 0 7 7 0 6 8 6 0 5 0 0 0 0 0 0
8889 4 2 4 2 4 0 0 0 0 0 0 0 0 0 0 0 0 6 6 0 6 0 3 0 4 0 0 0 0 0 0
8891 2 0 0 1 4 1 4 1 4 0 0 0 0 0 0 0 0 7 7 2 4 3 7 0 3 0 0 0 0 0 0
8906 0 0 0 0 0 0 0 4 0 0 0 0 0 0 0 0 0 6 6 1 0 0 0 0 1 0 0 0 0 0 0
8919 3 0 0 0 0 3 8 0 0 0 0 0 0 0 0 0 0 7 7 0 7 7 3 0 4 0 0 0 0 0 0
8931 2 0 0 0 0 2 7 0 0 0 0 0 0 0 0 0 0 3 3 0 2 7 1 0 3 0 0 0 0 0 0
8942 2 2 7 0 0 0 0 0 0 0 0 0 0 0 0 0 0 6 7 2 2 3 3 0 2 0 0 0 0 0 0
9013 1 0 0 0 0 0 0 0 0 0 0 1 5 0 0 0 0 8 8 1 1 1 6 0 2 0 0 0 0 0 0
9014 1 1 5 0 0 0 0 0 0 0 0 0 0 0 0 0 0 6 6 1 1 2 6 0 2 0 0 0 0 0 0
9079 0 0 0 0 0 0 0 3 0 0 0 0 0 0 0 0 0 4 4 0 0 0 0 1 3 0 0 0 0 0 0
9082 0 0 0 0 0 0 0 3 0 0 0 0 0 0 0 0 0 5 5 0 0 0 0 1 3 0 0 0 0 0 0
9089 1 0 0 0 0 1 5 0 0 0 0 0 0 0 0 0 0 7 7 1 6 4 7 0 6 0 0 0 0 0 0
9133 1 0 0 0 0 1 5 0 0 0 0 0 0 0 0 0 0 7 7 0 5 3 6 1 2 0 0 0 0 0 0
9137 6 3 5 3 5 0 0 0 0 0 0 0 0 0 0 0 0 8 8 0 6 4 7 0 3 0 0 0 0 0 0
9141 0 0 0 0 0 0 0 0 0 1 11 0 0 0 0 0 0 2 2 0 0 0 0 1 2 0 0 0 0 0 0
9167 1 0 0 0 0 1 5 0 0 2 11 0 0 0 0 0 0 3 3 0 1 4 1 0 3 0 0 0 0 0 0
9181 1 0 0 0 0 1 5 0 0 1 5 0 0 0 0 0 0 2 2 0 1 5 1 0 3 0 0 0 0 0 0
9185 0 0 0 0 0 0 0 0 0 2 0 0 0 0 0 0 0 3 3 0 0 0 0 1 4 0 0 0 0 0 0
9201 4 2 4 2 4 0 0 0 0 0 0 0 0 0 0 0 0 8 8 0 4 2 7 0 5 0 0 0 0 0 0
9241 1 0 0 0 0 1 5 0 0 0 0 0 0 0 0 0 0 4 4 0 1 3 2 1 6 0 0 0 0 0 0
9261 1 0 0 0 0 1 5 0 0 0 0 0 0 0 0 0 0 7 6 5 6 9 2 0 4 0 0 0 0 0 0
9306 2 1 4 1 4 0 0 3 11 0 0 0 0 0 0 0 0 7 6 3 6 7 3 0 3 0 0 0 0 0 0
9310 1 0 0 0 0 1 5 0 0 0 0 0 0 0 0 0 0 5 5 0 4 8 1 0 5 0 0 0 0 0 0
9313 2 0 0 0 0 2 7 0 0 0 0 0 0 0 0 0 0 8 8 0 2 1 6 1 2 0 0 0 0 0 0
9339 4 0 0 3 6 1 2 1 2 0 0 0 0 0 0 0 0 5 6 4 7 0 2 0 5 0 0 0 0 0 0
9344 1 0 0 0 0 1 5 0 0 0 0 0 0 0 0 0 0 7 7 0 6 6 3 1 4 0 0 0 0 0 0
9378 1 1 5 0 0 0 0 0 0 0 0 0 0 0 0 0 0 2 1 1 1 5 1 0 3 0 0 0 0 0 0
9388 1 0 0 0 0 1 5 0 0 0 0 0 0 0 0 0 0 7 7 0 4 3 5 1 3 0 0 0 0 0 0
9423 1 0 0 0 0 1 5 0 0 0 0 0 0 0 0 0 0 5 5 0 4 8 1 0 2 0 0 0 0 0 0
9426 1 1 5 0 0 0 0 0 0 0 0 0 0 0 0 0 0 6 5 1 1 2 5 0 2 0 0 0 0 0 0
9428 1 1 5 0 0 0 0 0 0 0 0 0 0 0 0 0 0 6 4 2 1 2 5 0 4 0 0 0 0 0 0
9442 2 1 4 1 4 0 0 0 0 0 0 0 0 0 0 0 0 6 6 0 2 3 1 1 4 0 0 0 0 0 0
9466 3 1 3 2 5 0 0 0 0 0 0 0 0 0 0 0 0 8 8 4 5 3 5 0 5 0 0 0 0 0 0
9508 2 2 7 0 0 0 0 1 4 0 0 0 0 0 0 0 0 7 6 6 6 3 7 0 2 0 0 0 0 0 0
9512 1 0 0 0 0 1 5 0 0 0 0 0 0 0 0 0 0 7 7 1 1 1 7 0 5 0 0 0 0 0 0
9514 2 0 0 0 0 2 7 0 0 0 0 0 0 0 0 0 0 6 6 0 2 3 4 1 1 0 0 0 0 0 0
9517 1 0 0 0 0 1 5 0 0 0 0 0 0 0 0 0 0 8 8 0 1 1 6 1 3 0 0 0 0 0 0
9522 1 1 5 0 0 0 0 0 0 0 0 0 0 0 0 0 0 7 7 3 1 1 7 0 4 0 0 0 0 0 0
9574 2 1 4 1 4 0 0 0 0 0 0 0 0 0 0 0 0 3 3 0 2 7 1 0 4 0 0 0 0 0 0
9593 4 1 2 1 2 0 0 0 0 0 0 0 0 1 2 1 2 5 6 4 6 0 3 0 6 0 0 0 0 0 0
9620 3 1 3 1 3 1 3 0 0 0 0 0 0 0 0 0 0 7 7 0 3 3 7 0 2 0 0 0 0 0 0
9623 3 1 3 1 3 1 3 0 0 0 0 0 0 0 0 0 0 7 7 0 3 3 5 0 3 0 0 0 0 0 0
9636 3 0 0 0 0 3 8 0 0 0 0 0 0 0 0 0 0 8 8 0 3 1 1 1 3 0 0 0 0 0 0
9691 1 0 0 0 0 1 5 0 0 0 0 0 0 0 0 0 0 6 6 0 1 2 1 1 2 0 0 0 0 0 0
9692 1 0 0 0 0 1 5 0 0 0 0 0 0 0 0 0 0 6 6 0 1 2 1 1 2 0 0 0 0 0 0
9694 1 0 0 0 0 1 5 0 0 0 0 0 0 0 0 0 0 6 6 0 1 2 1 1 2 0 0 0 0 0 0
9695 1 0 0 0 0 1 5 0 0 0 0 0 0 0 0 0 0 6 6 0 1 2 1 1 2 0 0 0 0 0 0
9728 1 0 0 0 0 1 5 0 0 0 0 0 0 0 0 0 0 8 8 0 7 8 5 0 6 0 0 0 0 0 0
9752 2 1 4 1 4 0 0 0 0 0 0 0 0 0 0 0 0 2 2 0 2 11 1 0 6 0 0 0 0 0 0
9798 3 2 5 1 3 0 0 3 8 0 0 0 0 0 0 0 0 6 6 0 3 5 1 0 1 0 0 0 0 0 0
9804 1 0 0 0 0 1 5 0 0 0 0 0 0 0 0 0 0 4 4 0 1 3 3 1 3 0 0 0 0 0 0
9835 1 0 0 0 0 1 5 0 0 0 0 0 0 0 0 0 0 6 6 0 1 2 6 1 3 0 0 0 0 0 0
9838 4 4 8 0 0 0 0 0 0 1 2 0 0 0 0 0 0 8 8 7 4 1 7 0 5 0 0 0 0 0 0
9839 5 5 9 0 0 0 0 0 0 0 0 0 0 0 0 0 0 7 7 0 5 5 1 1 5 0 0 0 0 0 0
9845 1 0 0 0 0 1 5 0 0 0 0 0 0 0 0 0 0 3 3 0 1 4 2 0 4 0 0 0 0 0 0
9892 3 3 8 0 0 0 0 0 0 0 0 0 0 0 0 0 0 7 7 3 3 2 4 0 2 0 0 0 0 0 0
9944 6 2 3 2 3 2 3 0 0 0 0 0 0 0 0 0 0 7 7 0 6 6 7 0 4 0 0 0 0 0 0
10024 2 1 4 1 4 0 0 0 0 0 0 0 0 0 0 0 0 6 6 0 2 3 2 0 6 0 0 0 0 0 0
10028 2 1 4 1 4 0 0 0 0 0 0 0 0 0 0 0 0 6 6 0 2 4 1 0 6 0 0 0 0 0 0
10050 1 0 0 0 0 1 5 0 0 0 0 0 0 0 0 0 0 7 8 1 5 3 7 0 4 0 0 0 0 0 0
10066 3 2 5 0 0 1 3 0 0 0 0 0 0 0 0 0 0 6 2 6 6 8 1 0 3 0 0 0 0 0 0
10071 1 0 0 1 5 0 0 0 0 0 0 0 0 0 0 0 0 6 6 0 1 2 3 0 2 0 0 0 0 0 0
10151 1 0 0 0 0 1 5 0 0 0 0 0 0 0 0 0 0 7 7 0 6 5 6 1 6 0 0 0 0 0 0
10170 1 0 0 0 0 1 5 0 0 0 0 0 0 0 0 0 0 7 7 0 1 1 1 1 4 0 0 0 0 0 0
10256 5 3 5 2 4 0 0 0 0 1 2 0 0 0 0 0 0 7 7 1 7 11 6 0 3 0 0 0 0 0 0
10263 1 0 0 0 0 1 5 0 0 0 0 0 0 0 0 0 0 7 7 0 5 4 6 0 2 0 0 0 0 0 0
10301 1 0 0 0 0 1 5 0 0 0 0 0 0 0 0 0 0 6 6 0 1 2 2 1 6 0 0 0 0 0 0
10332 2 0 0 0 0 2 7 0 0 0 0 0 0 0 0 0 0 6 6 0 2 4 4 1 2 0 0 0 0 0 0
10348 1 0 0 0 0 1 5 0 0 0 0 0 0 0 0 0 0 6 6 2 3 3 3 0 2 0 0 0 0 0 0
10350 1 0 0 0 0 1 5 0 0 0 0 0 0 0 0 0 0 6 6 2 3 3 3 0 2 0 0 0 0 0 0
10398 4 4 8 0 0 0 0 0 0 0 0 0 0 0 0 0 0 7 7 4 4 3 6 0 2 0 0 0 0 0 0
10404 8 8 10 0 0 0 0 0 0 1 1 0 0 0 0 0 0 8 6 8 8 7 2 0 5 0 0 0 0 0 0
10409 4 0 0 0 0 4 8 0 0 0 0 0 0 0 0 0 0 5 5 0 4 8 1 1 3 0 0 0 0 0 0
10412 1 0 0 0 0 1 5 0 0 0 0 0 0 0 0 0 0 6 6 0 1 2 1 0 6 0 0 0 0 0 0
10413 2 0 0 2 7 0 0 0 0 0 0 0 0 0 0 0 0 6 7 6 6 0 6 0 7 0 0 0 0 0 0
10469 0 0 0 0 0 0 0 0 0 0 0 0 0 0 0 0 0 6 4 3 0 0 0 0 4 0 0 0 0 0 0
10473 1 0 0 0 0 1 5 0 0 0 0 0 0 0 0 0 0 2 2 0 1 5 1 0 4 0 0 0 0 0 0
10489 1 1 5 0 0 0 0 0 0 0 0 0 0 0 0 0 0 7 6 4 1 1 6 0 4 0 0 0 0 0 0
10495 3 0 0 2 5 1 3 0 0 0 0 0 0 0 0 0 0 7 8 6 7 7 7 0 4 0 0 0 0 0 0
10526 1 0 0 0 0 1 5 0 0 0 0 0 0 0 0 0 0 7 7 0 1 1 6 1 3 0 0 0 0 0 0
10529 4 2 4 2 4 0 0 0 0 0 0 0 0 0 0 0 0 6 6 4 6 11 5 0 2 0 0 0 0 0 0
10531 3 0 0 0 0 3 8 0 0 0 0 0 0 0 0 0 0 8 8 0 3 2 1 1 2 0 0 0 0 0 0
10550 1 0 0 0 0 1 5 0 0 0 0 0 0 0 0 0 0 4 4 0 1 3 1 1 4 0 0 0 0 0 0
10553 7 6 5 6 5 0 0 0 0 0 0 0 0 0 0 0 0 8 8 0 7 9 3 0 3 0 0 0 0 0 0
10562 2 1 4 1 4 0 0 0 0 0 0 0 0 0 0 0 0 7 7 2 2 2 7 0 4 0 0 0 0 0 0
10584 7 6 5 6 5 0 0 0 0 0 0 0 0 0 0 0 0 8 8 0 7 8 4 0 3 0 0 0 0 0 0
10585 3 1 3 1 3 1 3 0 0 0 0 0 0 0 0 0 0 7 7 0 3 3 5 0 3 0 0 0 0 0 0
10588 6 2 3 2 3 2 3 0 0 0 0 0 0 0 0 0 0 7 7 0 6 4 3 0 3 0 0 0 0 0 0
10596 2 1 4 1 4 0 0 0 0 0 0 0 0 0 0 0 0 2 2 0 2 11 1 0 6 0 0 0 0 0 0
10599 1 0 0 0 0 1 5 0 0 0 0 0 0 0 0 0 0 6 6 0 1 2 1 1 2 0 0 0 0 0 0
10602 1 0 0 0 0 1 5 0 0 0 0 0 0 0 0 0 0 6 6 0 1 2 1 1 2 0 0 0 0 0 0
10605 1 0 0 0 0 1 5 0 0 0 0 0 0 0 0 0 0 6 6 0 1 2 1 1 2 0 0 0 0 0 0
10606 1 0 0 0 0 1 5 0 0 0 0 0 0 0 0 0 0 6 6 0 1 2 1 1 2 0 0 0 0 0 0
10626 0 0 0 0 0 0 0 1 11 0 0 0 0 0 0 0 0 2 2 0 0 0 0 1 2 0 0 0 0 0 0
10647 1 1 5 0 0 0 0 0 0 0 0 0 0 0 0 0 0 2 3 1 1 5 1 0 2 0 0 0 0 0 0
10655 1 1 5 0 0 0 0 0 0 0 0 0 0 0 0 0 0 8 8 1 1 1 7 0 4 0 0 0 0 0 0
10665 1 0 0 0 0 1 5 0 0 0 0 0 0 0 0 0 0 6 6 2 3 3 3 0 2 0 0 0 0 0 0
10681 6 1 2 6 8 0 0 0 0 0 0 0 0 0 0 0 0 6 7 7 8 0 3 0 7 0 0 0 0 0 0
10683 1 0 0 0 0 0 0 0 0 0 0 1 5 0 0 0 0 6 6 0 1 2 1 1 3 0 0 0 0 0 0
10701 1 0 0 0 0 1 5 0 0 0 0 0 0 0 0 0 0 7 7 0 1 1 1 0 1 0 0 0 0 0 0
10713 4 1 2 0 0 3 6 0 0 0 0 0 0 0 0 0 0 6 5 1 4 7 1 0 2 0 0 0 0 0 0
10725 1 1 5 0 0 0 0 0 0 0 0 0 0 0 0 0 0 8 7 2 1 1 7 0 3 0 0 0 0 0 0
10726 4 0 0 0 0 4 8 0 0 0 0 0 0 0 0 0 0 7 7 0 4 3 6 1 6 0 0 0 0 0 0
10742 1 0 0 0 0 1 5 0 0 0 0 0 0 0 0 0 0 7 7 1 6 9 1 0 3 0 0 0 0 0 0
10795 1 0 0 0 0 1 5 0 0 0 0 0 0 0 0 0 0 3 3 0 1 4 1 1 5 0 0 0 0 0 0
10798 3 2 5 0 0 0 0 2 5 0 0 0 0 1 3 0 0 8 8 5 7 6 6 0 2 0 0 0 0 0 0
10799 2 2 7 0 0 0 0 0 0 0 0 0 0 0 0 0 0 7 7 3 4 3 5 0 6 0 0 0 0 0 0
10804 5 3 5 2 4 0 0 0 0 0 0 0 0 0 0 0 0 6 6 2 5 7 1 0 4 0 0 0 0 0 0
10820 2 0 0 0 0 2 7 0 0 0 0 0 0 0 0 0 0 7 7 0 2 2 4 1 3 0 0 0 0 0 0
10821 2 0 0 0 0 2 7 0 0 0 0 0 0 0 0 0 0 7 7 0 2 2 2 1 3 0 0 0 0 0 0
10823 2 0 0 0 0 2 7 0 0 0 0 0 0 0 0 0 0 7 7 0 2 2 2 1 3 0 0 0 0 0 0
10830 1 1 5 0 0 0 0 7 0 0 0 0 0 0 0 0 0 8 8 2 8 10 1 0 3 0 0 0 0 0 0
10845 2 0 0 1 4 1 4 0 0 0 0 0 0 0 0 0 0 6 6 1 5 8 1 0 1 0 0 0 0 0 0
10846 2 0 0 1 4 1 4 0 0 0 0 0 0 0 0 0 0 6 6 1 5 8 1 0 1 0 0 0 0 0 0
10849 7 6 5 2 2 5 4 0 0 0 0 0 0 0 0 0 0 8 7 6 7 6 7 0 2 0 0 0 0 0 0
10853 0 0 0 0 0 0 0 1 11 0 0 0 0 0 0 0 0 7 7 0 0 0 0 1 1 0 0 0 0 0 0
10856 2 0 0 2 7 0 0 0 0 1 4 0 0 0 0 0 0 7 7 0 7 0 5 1 2 0 0 0 0 0 0
10859 1 0 0 0 0 1 5 0 0 0 0 0 0 0 0 0 0 6 6 0 1 2 5 1 4 0 0 0 0 0 0
10862 1 0 0 0 0 1 5 0 0 0 0 0 0 0 0 0 0 8 8 0 1 1 6 1 5 0 0 0 0 0 0
10868 1 0 0 0 0 1 5 0 0 0 0 0 0 0 0 0 0 5 5 0 1 2 3 1 4 0 0 0 0 0 0
10911 2 0 0 0 0 2 7 0 0 0 0 0 0 0 0 0 0 7 7 0 4 3 3 0 4 0 0 0 0 0 0
10923 1 0 0 0 0 1 5 0 0 0 0 0 0 0 0 0 0 4 3 1 3 8 1 0 6 0 0 0 0 0 0
10928 1 0 0 0 0 1 5 0 0 0 0 0 0 0 0 0 0 6 6 0 1 2 4 1 2 0 0 0 0 0 0
10938 1 0 0 0 0 1 5 0 0 0 0 0 0 0 0 0 0 8 8 1 5 3 7 0 3 0 0 0 0 0 0
10956 0 0 0 0 0 0 0 4 0 0 0 0 0 0 0 0 0 6 6 1 0 0 0 0 1 0 0 0 0 0 0
10959 1 0 0 0 0 1 5 0 0 0 0 0 0 0 0 0 0 6 6 2 3 4 2 0 2 0 0 0 0 0 0
10960 1 0 0 0 0 1 5 0 0 0 0 0 0 0 0 0 0 8 8 1 6 3 7 0 4 0 0 0 0 0 0
10969 1 0 0 0 0 1 5 0 0 0 0 0 0 0 0 0 0 6 6 0 1 2 5 0 3 0 0 0 0 0 0
10971 2 1 4 1 4 0 0 0 0 0 0 0 0 0 0 0 0 5 5 0 2 4 3 0 3 0 0 0 0 0 0
11018 4 2 4 2 4 0 0 1 2 0 0 0 0 0 0 0 0 7 7 4 4 3 4 0 3 0 0 0 0 0 0
11023 1 0 0 0 0 0 0 0 0 0 0 1 5 0 0 0 0 7 7 0 1 1 7 0 3 0 0 0 0 0 0
11025 1 0 0 0 0 1 5 0 0 0 0 0 0 0 0 0 0 8 7 1 6 3 7 0 4 0 0 0 0 0 0
11046 4 2 4 0 0 1 2 3 6 0 0 0 0 1 2 0 0 7 7 6 8 0 3 0 2 0 0 0 0 0 0
11076 1 0 0 0 0 1 5 0 0 0 0 0 0 0 0 0 0 6 6 0 3 5 1 0 2 0 0 0 0 0 0
11116 6 0 0 6 9 0 0 0 0 0 0 0 0 0 0 0 0 6 7 6 7 0 7 0 2 0 0 0 0 0 0
11117 2 0 0 2 7 0 0 0 0 0 0 0 0 0 0 0 0 4 6 3 2 5 3 0 2 0 0 0 0 0 0
11118 6 0 0 6 9 0 0 0 0 0 0 0 0 0 0 0 0 6 7 6 7 0 7 0 2 0 0 0 0 0 0
11154 3 3 8 0 0 0 0 0 0 0 0 0 0 0 0 0 0 7 6 4 3 3 6 0 6 0 0 0 0 0 0
11174 1 0 0 0 0 1 5 0 0 0 0 0 0 0 0 0 0 8 8 0 1 1 4 1 4 0 0 0 0 0 0
11218 1 0 0 0 0 1 5 0 0 0 0 0 0 0 0 0 0 7 7 0 1 1 3 1 3 0 0 0 0 0 0
11226 1 0 0 0 0 1 5 0 0 0 0 0 0 0 0 0 0 6 6 0 1 2 6 1 5 0 0 0 0 0 0
11228 1 0 0 0 0 1 5 0 0 0 0 0 0 0 0 0 0 6 6 0 1 2 3 1 3 0 0 0 0 0 0
11230 1 1 5 0 0 0 0 0 0 0 0 0 0 0 0 0 0 7 7 1 1 1 7 0 2 0 0 0 0 0 0
11260 6 0 0 6 9 0 0 0 0 0 0 0 0 0 0 0 0 2 7 7 7 0 6 0 4 0 0 0 0 0 0
11291 6 3 5 3 5 0 0 0 0 0 0 0 0 0 0 0 0 7 7 0 6 5 7 0 6 0 0 0 0 0 0
11319 6 6 6 0 0 2 2 0 0 0 0 0 0 1 1 0 0 7 5 6 8 0 5 1 4 0 0 0 0 0 0
11356 4 1 2 1 2 2 4 0 0 0 0 0 0 0 0 0 0 7 7 0 5 4 6 1 5 0 0 0 0 0 0
11410 1 1 5 0 0 0 0 0 0 0 0 0 0 0 0 0 0 7 7 1 1 1 7 0 2 0 0 0 0 0 0
11413 1 1 5 0 0 0 0 0 0 0 0 0 0 0 0 0 0 7 7 1 1 1 7 0 4 0 0 0 0 0 0
11429 3 0 0 0 0 3 8 0 0 0 0 0 0 0 0 0 0 4 4 0 3 8 1 1 1 0 0 0 0 0 0
11430 2 0 0 0 0 2 7 0 0 0 0 0 0 0 0 0 0 6 6 0 2 2 2 0 6 0 0 0 0 0 0
11431 1 0 0 0 0 1 5 0 0 0 0 0 0 0 0 0 0 7 7 0 1 1 1 1 4 0 0 0 0 0 0
11435 2 1 4 0 0 1 4 0 0 0 0 0 0 0 0 0 0 8 7 6 6 3 6 0 4 0 0 0 0 0 0
11448 1 1 5 0 0 0 0 1 5 0 0 0 0 0 0 0 0 6 5 2 3 5 2 0 2 0 0 0 0 0 0
11466 6 4 5 0 0 1 2 1 2 0 0 0 0 2 3 0 0 6 4 6 8 0 1 0 4 0 0 0 0 0 0
11508 1 0 0 0 0 1 5 0 0 0 0 0 0 0 0 0 0 6 6 0 6 8 1 1 1 0 0 0 0 0 0
11525 0 0 0 0 0 0 0 0 0 1 11 0 0 0 0 0 0 2 2 0 0 0 0 1 3 0 0 0 0 0 0
11534 1 0 0 0 0 1 5 0 0 0 0 0 0 0 0 0 0 6 6 0 6 8 1 0 3 0 0 0 0 0 0
11539 2 0 0 0 0 1 4 0 0 0 0 1 4 0 0 0 0 7 7 0 2 2 6 1 2 0 0 0 0 0 0
11571 2 0 0 0 0 2 7 0 0 0 0 0 0 0 0 0 0 7 7 0 2 2 6 1 2 0 0 0 0 0 0
11577 4 0 0 0 0 4 8 0 0 0 0 0 0 0 0 0 0 7 7 0 4 3 2 1 3 0 0 0 0 0 0
11612 6 4 6 1 2 1 2 2 3 0 0 0 0 0 0 0 0 7 7 3 8 0 1 0 4 0 0 0 0 0 0
11657 2 2 7 0 0 0 0 0 0 0 0 0 0 0 0 0 0 6 6 2 2 3 5 0 3 0 0 0 0 0 0
11662 6 5 7 2 3 0 0 0 0 0 0 0 0 0 0 0 0 7 8 7 7 0 6 0 4 0 0 0 0 0 0
11679 5 5 9 0 0 0 0 0 0 0 0 0 0 0 0 0 0 6 3 6 5 6 4 0 4 0 0 0 0 0 0
11686 1 0 0 0 0 1 5 0 0 0 0 0 0 0 0 0 0 6 6 0 6 8 2 0 4 0 0 0 0 0 0
11775 4 0 0 0 0 4 8 0 0 0 0 0 0 0 0 0 0 7 7 0 4 3 1 1 2 0 0 0 0 0 0
11830 3 3 8 0 0 0 0 0 0 0 0 0 0 0 0 0 0 7 7 6 3 2 7 0 2 0 0 0 0 0 0
11837 1 0 0 0 0 1 5 0 0 0 0 0 0 0 0 0 0 8 8 0 1 1 6 1 3 0 0 0 0 0 0
11839 1 0 0 0 0 1 5 0 0 0 0 0 0 0 0 0 0 4 4 0 3 8 1 0 6 0 0 0 0 0 0
3217 0 0 0 0 0 0 0 7 0 0 0 0 0 0 0 0 0 7 7 2 0 0 0 0 5 0 0 0 0 0 0
11871 1 0 0 0 0 1 5 0 0 0 0 0 0 0 0 0 0 5 5 0 1 2 1 0 6 0 0 0 0 0 0
11875 0 0 0 0 0 0 0 2 0 0 0 0 0 0 0 0 0 6 6 0 0 0 0 1 2 0 0 0 0 0 0
3229 2 0 0 0 0 0 0 0 0 0 0 2 7 0 0 0 0 8 8 0 2 1 1 0 1 0 0 0 0 0 0
11891 0 0 0 0 0 0 0 0 0 0 0 0 0 0 0 0 0 7 7 0 0 0 0 1 5 0 0 0 0 0 0
11914 0 0 0 0 0 0 0 6 0 0 0 0 0 0 0 0 0 8 8 0 0 0 0 1 6 0 0 0 0 0 0
11918 1 0 0 0 0 1 5 0 0 0 0 0 0 0 0 0 0 7 7 2 5 5 6 1 6 0 0 0 0 0 0
11966 3 1 3 1 3 1 3 0 0 0 0 0 0 0 0 0 0 6 6 2 3 4 6 0 3 0 0 0 0 0 0
12020 1 0 0 0 0 1 5 0 0 0 0 0 0 0 0 0 0 7 7 1 7 10 1 0 4 0 0 0 0 0 0
12022 1 0 0 0 0 1 5 0 0 0 0 0 0 0 0 0 0 7 7 1 7 10 1 0 4 0 0 0 0 0 0
12034 1 0 0 0 0 1 5 0 0 0 0 0 0 0 0 0 0 8 8 0 1 1 3 0 4 0 0 0 0 0 0
12035 3 0 0 0 0 3 8 0 0 0 0 0 0 0 0 0 0 8 8 0 3 2 1 0 5 0 0 0 0 0 0
12041 2 0 0 0 0 2 7 0 0 0 0 0 0 0 0 0 0 6 6 0 2 4 1 1 3 0 0 0 0 0 0
12068 4 3 6 0 0 0 0 0 0 0 0 1 2 0 0 0 0 7 6 6 6 7 7 0 3 0 0 0 0 0 0
12074 1 0 0 0 0 1 5 0 0 0 0 0 0 0 0 0 0 6 6 0 4 5 1 0 2 0 0 0 0 0 0
3233 1 0 0 0 0 1 5 0 0 0 0 0 0 0 0 0 0 7 7 0 2 2 7 1 4 0 0 0 0 0 0
3234 1 0 0 0 0 1 5 0 0 0 0 0 0 0 0 0 0 7 7 0 2 2 7 1 4 0 0 0 0 0 0
12097 2 1 4 0 0 1 4 0 0 1 4 0 0 0 0 0 0 3 2 1 2 7 1 0 4 0 0 0 0 0 0
12122 1 0 0 0 0 1 5 0 0 0 0 0 0 0 0 0 0 8 8 0 1 1 4 1 6 0 0 0 0 0 0
3265 2 1 4 1 4 0 0 0 0 0 0 0 0 0 0 0 0 3 3 0 2 7 1 0 2 0 0 0 0 0 0
12132 0 0 0 0 0 0 0 2 0 0 0 0 0 0 0 0 0 3 6 6 0 0 0 0 3 0 0 0 0 0 0
12149 1 0 0 0 0 1 5 0 0 0 0 0 0 0 0 0 0 6 6 0 1 2 1 1 1 0 0 0 0 0 0
12159 2 1 4 1 4 0 0 0 0 0 0 0 0 0 0 0 0 7 7 0 2 2 1 0 2 0 0 0 0 0 0
12162 5 0 0 0 0 5 9 0 0 0 0 0 0 0 0 0 0 7 7 0 5 4 1 1 4 0 0 0 0 0 0
12163 3 0 0 0 0 3 8 0 0 0 0 0 0 0 0 0 0 6 6 0 3 5 1 1 6 0 0 0 0 0 0
12166 6 0 0 0 0 6 9 0 0 0 0 0 0 0 0 0 0 7 7 0 6 5 1 1 5 0 0 0 0 0 0
12196 1 0 0 0 0 1 5 0 0 0 0 0 0 0 0 0 0 2 2 0 1 5 1 0 4 0 0 0 0 0 0
12202 4 0 0 0 0 4 8 0 0 0 0 0 0 0 0 0 0 6 6 0 4 5 1 1 4 0 0 0 0 0 0
12204 5 0 0 0 0 5 9 0 0 2 4 0 0 0 0 0 0 7 7 0 5 5 1 1 6 0 0 0 0 0 0
12221 1 0 0 0 0 1 5 0 0 0 0 0 0 0 0 0 0 2 2 0 1 5 2 1 4 0 0 0 0 0 0
12233 2 0 0 2 7 0 0 0 0 0 0 0 0 0 0 0 0 5 6 3 2 4 2 0 3 0 0 0 0 0 0
12241 1 0 0 0 0 1 5 0 0 0 0 0 0 0 0 0 0 6 6 0 1 2 5 0 3 0 0 0 0 0 0
12249 1 0 0 0 0 1 5 0 0 0 0 0 0 0 0 0 0 6 6 0 1 2 3 0 3 0 0 0 0 0 0
12263 1 0 0 0 0 1 5 0 0 0 0 0 0 0 0 0 0 6 6 0 1 1 2 0 6 0 0 0 0 0 0
3278 2 1 4 1 4 0 0 0 0 0 0 0 0 0 0 0 0 4 4 0 2 5 3 0 4 0 0 0 0 0 0
12267 1 0 0 0 0 1 5 0 0 0 0 0 0 0 0 0 0 6 6 0 1 2 4 1 5 0 0 0 0 0 0
12299 1 0 0 0 0 1 5 0 0 0 0 0 0 0 0 0 0 4 4 0 1 3 2 1 1 0 0 0 0 0 0
12324 6 6 9 0 0 0 0 0 0 0 0 0 0 0 0 0 0 8 7 7 6 4 7 0 2 0 0 0 0 0 0
12334 2 0 0 0 0 0 0 0 0 0 0 2 7 0 0 0 0 6 7 2 2 2 4 1 4 0 0 0 0 0 0
12338 1 0 0 0 0 1 5 0 0 0 0 0 0 0 0 0 0 2 2 0 1 5 1 0 4 0 0 0 0 0 0
12339 1 0 0 0 0 1 5 0 0 0 0 0 0 0 0 0 0 2 2 0 1 5 1 0 4 0 0 0 0 0 0
12347 1 0 0 0 0 1 5 0 0 0 0 0 0 0 0 0 0 5 5 0 1 2 1 1 3 0 0 0 0 0 0
12352 1 0 0 1 5 0 0 0 0 0 0 0 0 0 0 0 0 6 7 1 1 1 5 0 5 0 0 0 0 0 0
12380 1 0 0 0 0 1 5 0 0 0 0 0 0 0 0 0 0 7 7 0 1 1 5 1 3 0 0 0 0 0 0
3282 2 1 4 1 4 0 0 0 0 0 0 0 0 0 0 0 0 3 3 0 2 7 3 0 2 0 0 0 0 0 0
3324 1 0 0 0 0 1 5 0 0 0 0 0 0 0 0 0 0 2 2 0 1 5 2 1 3 0 0 0 0 0 0
3328 4 0 0 3 6 1 2 0 0 0 0 0 0 0 0 0 0 6 5 2 6 0 2 0 1 0 0 0 0 0 0
3329 1 0 0 0 0 1 5 0 0 0 0 0 0 0 0 0 0 2 2 0 1 5 2 1 2 0 0 0 0 0 0
3373 2 1 4 1 4 0 0 0 0 0 0 0 0 0 0 0 0 2 2 0 2 11 1 0 7 0 0 0 0 0 0
3384 6 4 6 1 2 1 2 0 0 6 9 0 0 0 0 0 0 8 8 6 6 3 6 0 5 0 0 0 0 0 0
12383 1 0 0 0 0 1 5 0 0 0 0 0 0 0 0 0 0 5 5 0 1 2 3 1 4 0 0 0 0 0 0
12387 1 0 0 0 0 1 5 0 0 0 0 0 0 0 0 0 0 6 6 0 1 1 3 0 4 0 0 0 0 0 0
3394 3 0 0 0 0 0 0 0 0 0 0 3 8 0 0 0 0 8 8 0 3 2 1 0 1 0 0 0 0 0 0
12388 1 0 0 0 0 1 5 0 0 0 0 0 0 0 0 0 0 7 7 0 2 2 6 1 5 0 0 0 0 0 0
3456 1 0 0 0 0 0 0 0 0 0 0 1 5 0 0 0 0 6 6 0 1 2 1 0 4 0 0 0 0 0 0
12400 1 0 0 1 5 0 0 0 0 0 0 0 0 0 0 0 0 5 6 1 1 2 5 0 2 0 0 0 0 0 0
12406 1 0 0 1 5 0 0 0 0 0 0 0 0 0 0 0 0 6 4 5 1 2 3 0 3 0 0 0 0 0 0
12427 1 0 0 1 5 0 0 0 0 0 0 0 0 0 0 0 0 7 7 1 1 1 7 0 2 0 0 0 0 0 0
12406 1 0 0 1 5 0 0 0 0 0 0 0 0 0 0 0 0 6 4 5 1 2 3 0 3 0 0 0 0 0 0
12431 0 0 0 0 0 0 0 1 11 0 0 0 0 0 0 0 0 6 7 1 0 0 0 1 5 0 0 0 0 0 0
12431 0 0 0 0 0 0 0 1 11 0 0 0 0 0 0 0 0 6 7 1 0 0 0 1 5 0 0 0 0 0 0
12435 3 2 5 1 3 0 0 0 0 0 0 0 0 0 0 0 0 7 7 0 6 5 3 1 7 0 0 0 0 0 0
12435 3 2 5 1 3 0 0 0 0 0 0 0 0 0 0 0 0 7 7 0 6 5 3 1 7 0 0 0 0 0 0
12444 3 1 3 2 5 0 0 1 3 0 0 0 0 0 0 0 0 6 6 1 6 0 3 0 4 0 0 0 0 0 0
12475 1 0 0 1 5 0 0 0 0 0 0 0 0 0 0 0 0 3 5 2 1 4 2 0 2 0 0 0 0 0 0
12516 1 0 0 1 5 0 0 0 0 0 0 0 0 0 0 0 0 4 5 1 1 3 1 0 5 0 0 0 0 0 0
12518 1 0 0 0 0 1 5 0 0 0 0 0 0 0 0 0 0 6 6 1 1 2 4 0 3 0 0 0 0 0 0
12444 3 1 3 2 5 0 0 1 3 0 0 0 0 0 0 0 0 6 6 1 6 0 3 0 4 0 0 0 0 0 0
12529 1 0 0 0 0 1 5 0 0 0 0 0 0 0 0 0 0 3 3 0 1 4 1 1 3 0 0 0 0 0 0
12531 1 0 0 0 0 1 5 0 0 0 0 0 0 0 0 0 0 5 5 0 1 2 1 1 6 0 0 0 0 0 0
12532 1 0 0 0 0 1 5 0 0 0 0 0 0 0 0 0 0 5 5 0 1 2 1 1 3 0 0 0 0 0 0
12539 2 0 0 0 0 2 7 0 0 0 0 0 0 0 0 0 0 6 6 0 2 4 1 1 2 0 0 0 0 0 0
12529 1 0 0 0 0 1 5 0 0 0 0 0 0 0 0 0 0 3 3 0 1 4 1 1 3 0 0 0 0 0 0
12540 1 0 0 0 0 1 5 0 0 0 0 0 0 0 0 0 0 6 6 0 1 2 4 1 4 0 0 0 0 0 0
12542 1 0 0 0 0 1 5 0 0 0 0 0 0 0 0 0 0 7 7 0 1 1 4 1 4 0 0 0 0 0 0
12540 1 0 0 0 0 1 5 0 0 0 0 0 0 0 0 0 0 6 6 0 1 2 4 1 4 0 0 0 0 0 0
12560 1 0 0 0 0 1 5 0 0 0 0 0 0 0 0 0 0 1 1 0 1 11 1 1 2 0 0 0 0 0 0
12560 1 0 0 0 0 1 5 0 0 0 0 0 0 0 0 0 0 1 1 0 1 11 1 1 2 0 0 0 0 0 0
12595 1 1 5 0 0 0 0 0 0 0 0 0 0 0 0 0 0 6 6 4 1 1 6 0 6 0 0 0 0 0 0
12625 1 0 0 0 0 1 5 0 0 0 0 0 0 0 0 0 0 6 6 0 1 2 1 0 4 0 0 0 0 0 0
12595 1 1 5 0 0 0 0 0 0 0 0 0 0 0 0 0 0 6 6 4 1 1 6 0 6 0 0 0 0 0 0
12647 2 0 0 0 0 2 7 0 0 0 0 0 0 0 0 0 0 7 7 4 4 3 6 1 2 0 0 0 0 0 0
12654 6 3 4 5 6 0 0 0 0 0 0 0 0 0 0 0 0 5 6 2 7 0 1 0 5 0 0 0 0 0 0
12655 1 0 0 0 0 1 5 0 0 0 0 0 0 0 0 0 0 6 6 0 2 3 5 1 4 0 0 0 0 0 0
12647 2 0 0 0 0 2 7 0 0 0 0 0 0 0 0 0 0 7 7 4 4 3 6 1 2 0 0 0 0 0 0
12672 2 0 0 0 0 2 7 0 0 0 0 0 0 0 0 0 0 6 6 0 2 3 2 1 6 0 0 0 0 0 0
12675 1 1 5 0 0 0 0 0 0 0 0 0 0 0 0 0 0 7 7 1 1 1 6 0 3 0 0 0 0 0 0
12689 8 7 6 0 0 6 3 1 1 0 0 1 1 3 2 0 0 8 7 8 8 0 4 0 5 0 0 0 0 0 0
12694 1 0 0 0 0 0 0 0 0 0 0 1 5 0 0 0 0 7 7 0 1 1 5 0 4 0 0 0 0 0 0
12698 7 7 9 0 0 1 1 6 3 0 0 0 0 0 0 0 0 8 8 8 8 0 5 0 4 0 0 0 0 0 0
12710 6 6 8 2 2 0 0 1 1 0 0 0 0 0 0 0 0 8 8 7 8 7 8 0 3 0 0 0 0 0 0
12727 3 0 0 3 8 0 0 1 3 0 0 0 0 0 0 0 0 6 7 5 6 0 6 0 3 0 0 0 0 0 0
12728 3 0 0 3 8 0 0 1 3 0 0 0 0 0 0 0 0 3 6 5 6 0 5 0 6 0 0 0 0 0 0
12672 2 0 0 0 0 2 7 0 0 0 0 0 0 0 0 0 0 6 6 0 2 3 2 1 6 0 0 0 0 0 0
12735 2 1 4 1 4 0 0 0 0 0 0 0 0 0 0 0 0 5 5 0 2 4 3 0 6 0 0 0 0 0 0
12735 2 1 4 1 4 0 0 0 0 0 0 0 0 0 0 0 0 5 5 0 2 4 3 0 6 0 0 0 0 0 0
12747 2 2 7 0 0 0 0 0 0 0 0 0 0 0 0 0 0 8 8 3 4 2 7 0 3 0 0 0 0 0 0
12767 6 6 7 0 0 1 2 0 0 6 7 1 2 0 0 0 0 8 7 7 7 7 5 0 6 0 0 0 0 0 0
12769 2 0 0 0 0 1 4 0 0 4 0 1 4 0 0 0 0 6 6 0 2 2 4 1 6 0 0 0 0 0 0
12777 1 0 0 0 0 0 0 0 0 0 0 1 5 0 0 0 0 6 6 0 1 1 3 0 2 0 0 0 0 0 0
12747 2 2 7 0 0 0 0 0 0 0 0 0 0 0 0 0 0 8 8 3 4 2 7 0 3 0 0 0 0 0 0
12783 1 0 0 0 0 1 5 0 0 0 0 0 0 0 0 0 0 3 3 0 1 4 2 1 1 0 0 0 0 0 0
12784 1 0 0 0 0 1 5 0 0 0 0 0 0 0 0 0 0 3 3 0 1 4 2 1 2 0 0 0 0 0 0
12783 1 0 0 0 0 1 5 0 0 0 0 0 0 0 0 0 0 3 3 0 1 4 2 1 1 0 0 0 0 0 0
12787 1 0 0 0 0 1 5 0 0 0 0 0 0 0 0 0 0 3 3 0 1 4 2 1 3 0 0 0 0 0 0
12803 2 2 7 0 0 0 0 0 0 1 4 0 0 0 0 0 0 7 7 0 2 2 7 1 2 0 0 0 0 0 0
12814 3 1 3 1 3 1 3 0 0 0 0 0 0 0 0 0 0 6 6 0 3 4 4 0 6 0 0 0 0 0 0
12815 2 2 7 0 0 0 0 0 0 0 0 0 0 0 0 0 0 6 3 4 4 6 2 0 6 0 0 0 0 0 0
12865 2 0 0 0 0 2 7 0 0 0 0 0 0 0 0 0 0 6 6 1 6 7 1 0 3 0 0 0 0 0 0
12876 1 0 0 0 0 1 5 0 0 0 0 0 0 0 0 0 0 8 8 3 8 9 3 0 4 0 0 0 0 0 0
12879 1 0 0 0 0 1 5 0 0 0 0 0 0 0 0 0 0 6 6 0 1 2 1 1 3 0 0 0 0 0 0
12892 1 0 0 0 0 1 5 0 0 0 0 0 0 0 0 0 0 5 5 0 1 2 3 0 3 0 0 0 0 0 0
12901 1 0 0 0 0 1 5 0 0 0 0 0 0 0 0 0 0 2 2 0 1 5 1 0 6 0 0 0 0 0 0
12922 1 0 0 0 0 1 5 0 0 0 0 0 0 0 0 0 0 6 6 0 2 3 1 0 1 0 0 0 0 0 0
12923 1 0 0 0 0 1 5 0 0 0 0 0 0 0 0 0 0 8 8 1 7 5 6 0 2 0 0 0 0 0 0
12949 6 0 0 0 0 6 9 0 0 0 0 0 0 0 0 0 0 6 6 0 6 11 1 0 7 0 0 0 0 0 0
12951 1 0 0 0 0 1 5 0 0 0 0 0 0 0 0 0 0 6 6 1 6 9 1 0 2 0 0 0 0 0 0
12953 2 0 0 1 4 1 4 0 0 0 0 0 0 0 0 0 0 6 6 1 2 3 6 0 2 0 0 0 0 0 0
12959 2 1 4 1 4 0 0 0 0 0 0 0 0 0 0 0 0 2 2 0 2 11 1 1 3 0 0 0 0 0 0
12968 1 0 0 0 0 1 5 0 0 0 0 0 0 0 0 0 0 6 6 0 1 2 6 0 4 0 0 0 0 0 0
12970 3 0 0 0 0 3 8 0 0 0 0 0 0 0 0 0 0 7 7 0 3 2 6 0 4 0 0 0 0 0 0
12973 1 0 0 0 0 1 5 0 0 0 0 0 0 0 0 0 0 3 3 0 1 4 2 0 3 0 0 0 0 0 0
12986 1 0 0 0 0 1 5 0 0 0 0 0 0 0 0 0 0 4 4 0 1 3 2 0 2 0 0 0 0 0 0
12987 1 0 0 0 0 1 5 0 0 0 0 0 0 0 0 0 0 4 4 0 1 3 3 0 0 0 0 0 0 0 0
13015 1 0 0 0 0 1 5 0 0 0 0 0 0 0 0 0 0 2 3 1 1 5 1 0 4 0 0 0 0 0 0
13029 1 0 0 0 0 1 5 0 0 0 0 0 0 0 0 0 0 8 8 2 6 4 7 0 2 0 0 0 0 0 0
13030 1 0 0 0 0 1 5 0 0 0 0 0 0 0 0 0 0 8 8 1 6 3 6 0 2 0 0 0 0 0 0
13052 1 0 0 0 0 1 5 0 0 0 0 0 0 0 0 0 0 6 6 0 1 2 6 1 6 0 0 0 0 0 0
13055 1 1 5 0 0 0 0 0 0 1 5 0 0 0 0 0 0 4 4 0 3 8 1 1 3 0 0 0 0 0 0
13066 1 0 0 0 0 1 5 0 0 0 0 0 0 0 0 0 0 6 6 0 1 2 5 1 3 0 0 0 0 0 0
13068 1 0 0 0 0 1 5 0 0 0 0 0 0 0 0 0 0 6 6 0 1 1 6 1 2 0 0 0 0 0 0
13079 1 0 0 0 0 1 5 0 0 0 0 0 0 0 0 0 0 5 5 0 1 2 3 1 4 0 0 0 0 0 0
13093 1 0 0 0 0 1 5 0 0 0 0 0 0 0 0 0 0 2 2 0 1 5 1 1 2 0 0 0 0 0 0
13211 1 0 0 0 0 1 5 0 0 0 0 0 0 0 0 0 0 8 8 0 1 1 6 1 4 0 0 0 0 0 0
13230 4 0 0 0 0 4 8 0 0 0 0 0 0 0 0 0 0 7 7 0 6 5 4 0 3 0 0 0 0 0 0
13235 4 1 2 0 0 2 4 0 0 0 0 1 2 0 0 0 0 7 7 1 4 2 7 0 3 0 0 0 0 0 0
13236 4 1 2 0 0 2 4 0 0 0 0 1 2 0 0 0 0 6 5 1 4 7 2 0 3 0 0 0 0 0 0
12787 1 0 0 0 0 1 5 0 0 0 0 0 0 0 0 0 0 3 3 0 1 4 2 1 3 0 0 0 0 0 0
13241 6 5 5 1 1 3 3 0 0 0 0 1 1 0 0 0 0 7 7 4 6 6 3 0 2 0 0 0 0 0 0
13254 6 0 0 0 0 6 9 0 0 0 0 0 0 0 0 0 0 6 6 0 6 7 2 0 2 0 0 0 0 0 0
13255 2 0 0 0 0 2 7 0 0 0 0 0 0 0 0 0 0 3 3 0 2 7 1 0 4 0 0 0 0 0 0
13241 6 5 5 1 1 3 3 0 0 0 0 1 1 0 0 0 0 7 7 4 6 6 3 0 2 0 0 0 0 0 0
13265 1 0 0 0 0 1 5 0 0 0 0 0 0 0 0 0 0 6 6 0 1 2 2 1 2 0 0 0 0 0 0
13267 1 0 0 0 0 1 5 0 0 0 0 0 0 0 0 0 0 6 6 0 1 1 6 0 3 0 0 0 0 0 0
13289 5 5 9 0 0 0 0 0 0 0 0 0 0 0 0 0 0 8 8 6 7 4 8 0 3 0 0 0 0 0 0
13304 1 0 0 0 0 1 5 0 0 0 0 0 0 0 0 0 0 6 6 0 1 2 1 0 3 0 0 0 0 0 0
13321 2 0 0 0 0 2 7 0 0 0 0 0 0 0 0 0 0 6 6 0 2 3 5 0 2 0 0 0 0 0 0
13340 2 0 0 2 7 0 0 0 0 1 4 0 0 0 0 0 0 8 8 1 2 1 7 0 3 0 0 0 0 0 0
13353 1 0 0 0 0 1 5 0 0 0 0 0 0 0 0 0 0 4 4 0 1 3 1 0 6 0 0 0 0 0 0
13355 5 1 2 3 5 1 2 1 2 0 0 0 0 0 0 0 0 6 7 2 7 0 1 0 6 0 0 0 0 0 0
13371 2 1 4 1 4 0 0 0 0 0 0 0 0 0 0 0 0 4 4 0 2 5 3 1 3 0 0 0 0 0 0
13374 1 0 0 0 0 1 5 0 0 0 0 0 0 0 0 0 0 6 6 0 1 2 4 0 5 0 0 0 0 0 0
13376 1 0 0 0 0 1 5 0 0 0 0 0 0 0 0 0 0 6 6 0 1 2 5 1 2 0 0 0 0 0 0
13410 1 1 5 0 0 0 0 0 0 0 0 0 0 0 0 0 0 7 7 1 1 1 6 0 4 0 0 0 0 0 0
13413 2 1 4 0 0 0 0 1 4 0 0 1 4 0 0 0 0 7 7 3 7 10 2 0 4 0 0 0 0 0 0
13525 1 0 0 0 0 1 5 0 0 0 0 0 0 0 0 0 0 6 6 0 1 2 6 0 3 0 0 0 0 0 0
13526 1 0 0 0 0 1 5 0 0 0 0 0 0 0 0 0 0 6 6 0 1 2 4 0 2 0 0 0 0 0 0
13527 1 0 0 0 0 1 5 0 0 0 0 0 0 0 0 0 0 3 3 0 1 4 1 1 5 0 0 0 0 0 0
13532 1 0 0 0 0 1 5 0 0 0 0 0 0 0 0 0 0 4 4 0 1 3 1 0 2 0 0 0 0 0 0
13534 1 0 0 0 0 1 5 0 0 0 0 0 0 0 0 0 0 4 4 0 1 3 1 0 3 0 0 0 0 0 0
13546 2 0 0 0 0 2 7 0 0 0 0 0 0 0 0 0 0 6 6 0 2 3 3 1 3 0 0 0 0 0 0
13551 3 1 3 1 3 1 3 1 3 0 0 0 0 0 0 0 0 6 6 0 6 11 3 0 4 0 0 0 0 0 0
13555 4 1 2 2 4 1 2 2 4 0 0 0 0 0 0 0 0 6 6 1 7 0 2 0 2 0 0 0 0 0 0
13559 6 2 3 4 6 0 0 0 0 0 0 0 0 0 0 0 0 8 8 0 7 6 7 0 6 0 0 0 0 0 0
13566 1 0 0 0 0 1 5 0 0 0 0 0 0 0 0 0 0 4 4 0 1 3 2 0 6 0 0 0 0 0 0
13567 2 0 0 0 0 2 7 0 0 0 0 0 0 0 0 0 0 4 4 0 2 5 2 0 5 0 0 0 0 0 0
13568 1 0 0 0 0 1 5 0 0 0 0 0 0 0 0 0 0 6 6 0 1 2 2 0 7 0 0 0 0 0 0
13580 4 1 2 2 4 1 2 1 2 0 0 0 0 0 0 0 0 6 6 1 6 0 3 0 4 0 0 0 0 0 0
13581 3 1 3 2 5 0 0 1 3 0 0 0 0 0 0 0 0 6 7 1 7 0 1 0 3 0 0 0 0 0 0
13624 2 0 0 0 0 2 7 0 0 0 0 0 0 0 0 0 0 3 3 0 2 7 1 1 4 0 0 0 0 0 0
13653 1 0 0 0 0 1 5 0 0 0 0 0 0 0 0 0 0 4 4 0 2 5 1 1 3 0 0 0 0 0 0
13661 1 0 0 1 5 0 0 0 0 0 0 0 0 0 0 0 0 5 5 0 1 2 4 0 6 0 0 0 0 0 0
13751 1 0 0 0 0 1 5 0 0 0 0 0 0 0 0 0 0 7 7 0 1 1 3 1 3 0 0 0 0 0 0
13773 2 1 4 1 4 0 0 0 0 0 0 0 0 0 0 0 0 4 4 0 2 5 3 0 3 0 0 0 0 0 0
13780 3 0 0 2 5 1 3 1 3 0 0 0 0 0 0 0 0 2 5 3 5 0 1 0 3 0 0 0 0 0 0
13794 1 0 0 1 5 0 0 1 5 0 0 0 0 0 0 0 0 8 8 2 3 2 7 0 4 0 0 0 0 0 0
13807 4 1 2 2 4 1 2 1 2 0 0 0 0 0 0 0 0 6 6 1 6 0 3 0 4 0 0 0 0 0 0
13822 1 0 0 0 0 1 5 0 0 0 0 0 0 0 0 0 0 6 6 0 1 2 1 0 3 0 0 0 0 0 0
13826 5 1 2 2 4 2 4 3 5 0 0 0 0 0 0 0 0 6 6 1 7 0 3 0 4 0 0 0 0 0 0
13828 2 0 0 0 0 2 7 0 0 0 0 0 0 0 0 0 0 6 6 0 2 4 2 0 4 0 0 0 0 0 0
13839 1 0 0 0 0 1 5 0 0 0 0 0 0 0 0 0 0 7 7 0 1 1 6 0 3 0 0 0 0 0 0
13860 1 0 0 0 0 1 5 0 0 0 0 0 0 0 0 0 0 3 3 0 1 4 2 1 2 0 0 0 0 0 0
13881 4 1 2 2 4 1 2 1 2 0 0 0 0 0 0 0 0 4 5 1 6 0 2 0 6 0 0 0 0 0 0
13902 3 1 3 1 3 1 3 1 3 0 0 0 0 0 0 0 0 5 5 0 6 0 2 0 6 0 0 0 0 0 0
13921 1 0 0 0 0 1 5 0 0 0 0 0 0 0 0 0 0 6 6 0 2 3 6 0 3 0 0 0 0 0 0
13946 0 0 0 0 0 0 0 1 11 0 0 0 0 0 0 0 0 2 2 0 0 0 0 1 1 0 0 0 0 0 0
13952 1 0 0 0 0 1 5 0 0 0 0 0 0 0 0 0 0 7 7 0 1 1 6 0 3 0 0 0 0 0 0
13982 1 0 0 0 0 0 0 0 0 0 0 1 5 0 0 0 0 6 6 0 1 2 2 0 4 0 0 0 0 0 0
14171 1 0 0 0 0 1 5 0 0 0 0 0 0 0 0 0 0 3 3 0 1 4 2 0 4 0 0 0 0 0 0
14172 1 0 0 0 0 1 5 0 0 0 0 0 0 0 0 0 0 3 3 0 1 4 2 0 4 0 0 0 0 0 0
14174 1 0 0 0 0 1 5 0 0 0 0 0 0 0 0 0 0 6 6 0 1 2 5 0 2 0 0 0 0 0 0
14203 2 0 0 2 7 0 0 0 0 0 0 0 0 0 0 0 0 8 8 2 2 1 6 0 3 0 0 0 0 0 0
14217 5 4 7 1 2 0 0 2 4 0 0 0 0 0 0 0 0 8 8 5 8 0 2 0 4 0 0 0 0 0 0
14230 2 2 7 0 0 0 0 1 4 0 0 0 0 0 0 0 0 6 2 5 6 0 1 0 4 0 0 0 0 0 0
14241 1 1 5 0 0 0 0 0 0 0 0 0 0 0 0 0 0 3 2 1 1 4 1 0 5 0 0 0 0 0 0
14247 1 0 0 0 0 1 5 0 0 1 5 0 0 0 0 0 0 5 5 0 1 2 4 0 2 0 0 0 0 0 0
14252 1 0 0 0 0 1 5 0 0 0 0 0 0 0 0 0 0 8 8 0 5 2 7 0 3 0 0 0 0 0 0
14255 1 0 0 0 0 1 5 0 0 0 0 0 0 0 0 0 0 6 6 0 1 2 6 1 2 0 0 0 0 0 0
14260 2 1 4 0 0 0 0 0 0 0 0 1 4 0 0 0 0 8 8 1 2 1 4 0 3 0 0 0 0 0 0
14281 1 1 5 0 0 0 0 0 0 0 0 0 0 0 0 0 0 8 8 1 1 1 7 0 1 0 0 0 0 0 0
14284 1 0 0 0 0 1 5 0 0 0 0 0 0 0 0 0 0 7 7 0 3 3 3 0 3 0 0 0 0 0 0
14299 6 1 1 1 1 6 7 0 0 0 0 0 0 0 0 0 0 7 7 0 6 9 3 0 4 0 0 0 0 0 0
14306 1 0 0 0 0 0 0 0 0 0 0 1 5 0 0 0 0 6 6 0 1 1 3 0 2 0 0 0 0 0 0
14347 1 0 0 0 0 1 5 0 0 0 0 0 0 0 0 0 0 3 3 0 1 4 1 0 6 0 0 0 0 0 0
14349 1 0 0 0 0 1 5 0 0 0 0 0 0 0 0 0 0 3 3 0 1 4 1 0 6 0 0 0 0 0 0
14362 2 0 0 0 0 1 4 0 0 0 0 1 4 0 0 0 0 4 5 1 2 5 1 0 3 0 0 0 0 0 0
14377 2 0 0 1 4 1 4 0 0 0 0 0 0 0 0 0 0 7 7 1 2 2 6 0 6 0 0 0 0 0 0
14383 1 0 0 0 0 1 5 0 0 0 0 0 0 0 0 0 0 7 7 0 3 2 2 1 6 0 0 0 0 0 0
14397 2 0 0 0 0 2 7 0 0 0 0 0 0 0 0 0 0 5 5 0 2 4 2 1 4 0 0 0 0 0 0
14398 1 0 0 0 0 1 5 0 0 0 0 0 0 0 0 0 0 5 5 0 1 2 3 1 4 0 0 0 0 0 0
14409 1 0 0 0 0 1 5 0 0 0 0 0 0 0 0 0 0 8 8 0 2 1 4 1 3 0 0 0 0 0 0
14410 0 0 0 0 0 0 0 0 0 3 0 0 0 0 0 0 0 7 7 0 0 0 0 1 3 0 0 0 0 0 0
14445 1 0 0 0 0 1 5 0 0 0 0 0 0 0 0 0 0 7 7 0 1 1 1 0 6 0 0 0 0 0 0
14461 2 0 0 0 0 2 7 0 0 0 0 0 0 0 0 0 0 7 7 0 2 2 6 0 6 0 0 0 0 0 0
14464 1 0 0 0 0 1 5 0 0 1 5 0 0 0 0 0 0 4 4 0 1 3 1 0 2 0 0 0 0 0 0
14467 1 0 0 0 0 1 5 0 0 0 0 0 0 0 0 0 0 5 5 0 1 2 1 0 3 0 0 0 0 0 0
14470 0 0 0 0 0 0 0 0 0 1 11 0 0 0 0 0 0 6 6 0 0 0 0 1 6 0 0 0 0 0 0
14500 2 1 4 1 4 0 0 0 0 0 0 0 0 0 0 0 0 3 3 0 2 7 1 0 2 0 0 0 0 0 0
14518 1 0 0 0 0 1 5 0 0 0 0 0 0 0 0 0 0 6 6 1 6 6 1 0 3 0 0 0 0 0 0
14562 1 0 0 0 0 1 5 0 0 0 0 0 0 0 0 0 0 8 8 1 6 3 7 0 1 0 0 0 0 0 0
14581 3 2 5 0 0 1 3 1 3 0 0 0 0 0 0 0 0 5 2 3 5 11 1 0 3 0 0 0 0 0 0
14656 4 2 4 2 4 0 0 0 0 0 0 0 0 0 0 0 0 6 6 0 6 9 3 0 3 0 0 0 0 0 0
14670 2 0 0 0 0 2 7 0 0 0 0 0 0 0 0 0 0 5 5 0 2 4 2 0 6 0 0 0 0 0 0
14674 2 0 0 0 0 2 7 0 0 0 0 0 0 0 0 0 0 5 5 0 2 4 2 0 6 0 0 0 0 0 0
14872 3 3 8 0 0 0 0 0 0 0 0 0 0 0 0 0 0 6 3 4 6 9 3 0 5 0 0 0 0 0 0
14875 2 2 7 0 0 0 0 0 0 0 0 0 0 0 0 0 0 7 6 3 2 2 6 0 3 0 0 0 0 0 0
14881 2 0 0 2 7 0 0 0 0 0 0 0 0 0 0 0 0 7 8 3 2 2 7 0 6 0 0 0 0 0 0
14913 1 0 0 0 0 1 5 0 0 0 0 0 0 0 0 0 0 2 2 0 1 5 1 0 2 0 0 0 0 0 0
14922 2 1 4 1 4 0 0 0 0 0 0 0 0 0 0 0 0 2 2 0 2 11 2 0 2 0 0 0 0 0 0
14924 2 2 7 0 0 0 0 0 0 0 0 0 0 0 0 0 0 8 8 3 2 1 6 0 3 0 0 0 0 0 0
14925 2 2 7 0 0 0 0 0 0 0 0 0 0 0 0 0 0 8 8 3 2 1 6 0 3 0 0 0 0 0 0
14927 1 1 5 0 0 0 0 0 0 0 0 0 0 0 0 0 0 7 7 0 3 3 6 1 2 0 0 0 0 0 0
14976 3 0 0 2 5 1 3 0 0 0 0 0 0 0 0 0 0 6 7 2 3 4 6 0 3 0 0 0 0 0 0
14988 1 0 0 0 0 1 5 0 0 0 0 0 0 0 0 0 0 2 2 0 1 5 1 1 2 0 0 0 0 0 0
15004 2 0 0 1 4 1 4 0 0 0 0 0 0 0 0 0 0 2 3 1 2 11 1 0 4 0 0 0 0 0 0
15012 1 1 5 0 0 0 0 0 0 0 0 0 0 0 0 0 0 2 2 0 1 5 1 1 2 0 0 0 0 0 0
15019 1 1 5 0 0 0 0 2 11 0 0 0 0 0 0 0 0 7 7 2 7 9 2 0 4 0 0 0 0 0 0
15068 1 0 0 0 0 1 5 0 0 0 0 0 0 0 0 0 0 5 5 0 2 4 3 0 3 0 0 0 0 0 0
15099 1 0 0 0 0 1 5 0 0 0 0 0 0 0 0 0 0 5 5 0 1 2 2 0 5 0 0 0 0 0 0
15104 1 0 0 0 0 1 5 0 0 0 0 0 0 0 0 0 0 8 8 0 1 1 7 0 3 0 0 0 0 0 0
15106 2 0 0 0 0 1 4 0 0 0 0 1 4 0 0 0 0 5 5 0 2 4 1 0 6 0 0 0 0 0 0
15108 1 0 0 0 0 0 0 0 0 0 0 1 5 0 0 0 0 7 7 0 1 1 6 0 3 0 0 0 0 0 0
15141 3 1 3 1 3 1 3 2 5 0 0 0 0 0 0 0 0 6 6 0 6 0 1 0 6 0 0 0 0 0 0
15144 3 1 3 2 5 0 0 1 3 0 0 0 0 0 0 0 0 6 6 1 6 0 1 0 6 0 0 0 0 0 0
15157 2 1 4 0 0 1 4 2 7 0 0 0 0 0 0 0 0 5 5 0 2 4 2 0 5 0 0 0 0 0 0
15166 5 1 2 3 5 0 0 0 0 0 0 1 2 0 0 0 0 6 6 2 5 8 1 0 3 0 0 0 0 0 0
15170 1 1 5 0 0 0 0 0 0 0 0 0 0 0 0 0 0 7 7 2 2 2 6 0 5 0 0 0 0 0 0
2547 2 0 0 1 4 0 0 1 4 0 0 0 0 0 0 1 4 6 7 5 4 7 6 0 6 0 0 0 0 0 0
2550 2 1 4 1 4 0 0 0 0 0 0 0 0 0 0 0 0 7 7 0 2 2 5 0 5 0 0 0 0 0 0
15173 2 0 0 0 0 2 7 0 0 0 0 0 0 0 0 0 0 7 7 0 2 2 6 1 3 0 0 0 0 0 0
15180 2 2 7 0 0 0 0 0 0 0 0 0 0 0 0 0 0 7 7 3 4 3 7 0 5 0 0 0 0 0 0
15188 3 3 8 0 0 0 0 0 0 0 0 0 0 0 0 0 0 6 2 6 6 8 4 0 6 0 0 0 0 0 0
15194 1 0 0 0 0 1 5 0 0 0 0 0 0 0 0 0 0 2 2 0 1 5 1 1 6 0 0 0 0 0 0
15197 1 0 0 0 0 1 5 0 0 0 0 0 0 0 0 0 0 2 2 0 1 5 1 1 6 0 0 0 0 0 0
15198 1 0 0 0 0 1 5 0 0 0 0 0 0 0 0 0 0 2 2 0 1 5 1 0 6 0 0 0 0 0 0
15206 1 0 0 0 0 1 5 0 0 0 0 0 0 0 0 0 0 4 4 0 1 3 2 0 2 0 0 0 0 0 0
15219 1 0 0 0 0 1 5 0 0 0 0 0 0 0 0 0 0 7 7 0 1 1 5 0 5 0 0 0 0 0 0
15232 2 1 4 1 4 0 0 0 0 0 0 0 0 0 0 0 0 8 8 2 2 1 7 0 3 0 0 0 0 0 0
15237 3 2 5 1 3 0 0 0 0 0 0 0 0 0 0 0 0 7 2 6 3 3 1 0 6 0 0 0 0 0 0
15255 3 0 0 0 0 2 5 0 0 0 0 1 3 0 0 0 0 7 7 0 3 3 3 1 3 0 0 0 0 0 0
15297 1 1 5 0 0 0 0 2 11 0 0 0 0 0 0 0 0 7 7 0 4 3 2 0 5 0 0 0 0 0 0
15307 2 2 7 0 0 0 0 0 0 1 4 0 0 0 0 0 0 6 3 6 6 7 6 0 3 0 0 0 0 0 0
15310 1 1 5 0 0 0 0 0 0 0 0 0 0 0 0 0 0 3 2 1 1 4 2 0 1 0 0 0 0 0 0
15312 1 1 5 0 0 0 0 0 0 0 0 0 0 0 0 0 0 6 5 1 1 2 5 0 2 0 0 0 0 0 0
15316 1 1 5 0 0 0 0 0 0 0 0 0 0 0 0 0 0 6 6 1 1 1 6 0 4 0 0 0 0 0 0
15320 1 0 0 0 0 0 0 0 0 0 0 1 5 0 0 0 0 7 7 0 1 1 6 0 4 0 0 0 0 0 0
15342 6 6 9 0 0 0 0 0 0 0 0 0 0 0 0 0 0 7 6 6 6 5 5 0 6 0 0 0 0 0 0
15361 4 1 2 2 4 1 2 3 6 0 0 0 0 0 0 0 0 7 7 1 8 0 2 0 6 0 0 0 0 0 0
15366 1 0 0 0 0 1 5 0 0 0 0 0 0 0 0 0 0 3 3 0 1 4 2 0 2 0 0 0 0 0 0
15381 1 1 5 0 0 0 0 0 0 0 0 0 0 0 0 0 0 5 4 1 1 2 4 0 5 0 0 0 0 0 0
15393 1 0 0 0 0 1 5 0 0 0 0 0 0 0 0 0 0 7 7 0 1 1 6 0 2 0 0 0 0 0 0
15399 6 6 8 2 2 0 0 1 1 0 0 0 0 0 0 0 0 8 8 7 8 7 8 0 3 0 0 0 0 0 0
15444 1 0 0 0 0 1 5 0 0 0 0 0 0 0 0 0 0 3 3 0 1 4 2 0 2 0 0 0 0 0 0
15453 1 0 0 0 0 1 5 0 0 0 0 0 0 0 0 0 0 3 3 0 1 4 2 0 2 0 0 0 0 0 0
15468 2 0 0 0 0 2 7 0 0 0 0 0 0 0 0 0 0 5 5 0 2 4 3 0 1 0 0 0 0 0 0
15474 1 0 0 0 0 1 5 0 0 0 0 0 0 0 0 0 0 6 6 0 1 2 5 0 2 0 0 0 0 0 0
15477 3 0 0 0 0 3 8 0 0 0 0 0 0 0 0 0 0 7 7 0 3 2 6 0 4 0 0 0 0 0 0
15488 3 1 3 2 5 0 0 0 0 0 0 0 0 0 0 0 0 6 7 3 6 8 2 0 3 0 0 0 0 0 0
15513 1 0 0 0 0 1 5 0 0 0 0 0 0 0 0 0 0 6 6 0 2 4 1 0 3 0 0 0 0 0 0
15515 1 0 0 0 0 0 0 0 0 0 0 1 5 0 0 0 0 6 6 0 1 2 2 0 4 0 0 0 0 0 0
15527 2 2 7 0 0 0 0 0 0 0 0 0 0 0 0 0 0 7 6 4 6 5 3 0 5 0 0 0 0 0 0
15532 3 0 0 0 0 3 8 0 0 0 0 0 0 0 0 0 0 8 8 0 3 1 8 1 3 0 0 0 0 0 0
15543 1 0 0 0 0 1 5 0 0 0 0 0 0 0 0 0 0 2 2 0 1 5 1 1 2 0 0 0 0 0 0
15568 1 0 0 0 0 0 0 0 0 0 0 1 5 0 0 0 0 7 7 0 1 1 6 0 2 0 0 0 0 0 0
15569 1 0 0 0 0 1 5 0 0 0 0 0 0 0 0 0 0 6 6 1 1 2 6 1 3 0 0 0 0 0 0
15574 1 1 5 0 0 0 0 0 0 0 0 0 0 0 0 0 0 3 2 1 1 4 2 0 6 0 0 0 0 0 0
15579 1 1 5 0 0 0 0 0 0 0 0 0 0 0 0 0 0 3 2 1 1 4 3 0 5 0 0 0 0 0 0
15592 1 0 0 0 0 1 5 0 0 0 0 0 0 0 0 0 0 6 6 0 2 3 3 0 4 0 0 0 0 0 0
15600 1 0 0 0 0 0 0 0 0 0 0 1 5 0 0 0 0 6 6 0 1 2 6 0 4 0 0 0 0 0 0
15617 5 2 4 2 4 1 2 1 2 0 0 0 0 0 0 0 0 5 6 1 6 0 1 0 3 0 0 0 0 0 0
15628 1 1 5 0 0 0 0 0 0 0 0 0 0 0 0 0 0 7 7 4 1 1 3 0 3 0 0 0 0 0 0
15647 4 1 2 2 4 1 2 0 0 0 0 0 0 0 0 0 0 6 7 2 4 4 6 0 2 0 0 0 0 0 0
15648 3 2 5 1 3 0 0 0 0 0 0 0 0 0 0 0 0 6 6 1 3 3 2 0 2 0 0 0 0 0 0
15675 1 0 0 0 0 1 5 0 0 0 0 0 0 0 0 0 0 7 7 0 1 1 6 1 2 0 0 0 0 0 0
15698 1 0 0 0 0 1 5 0 0 0 0 0 0 0 0 0 0 5 6 1 1 2 1 0 2 0 0 0 0 0 0
15709 2 0 0 0 0 2 7 0 0 0 0 0 0 0 0 0 0 6 6 0 2 3 1 0 2 0 0 0 0 0 0
15720 6 1 2 1 2 3 5 0 0 0 0 1 2 0 0 0 0 8 8 0 6 3 8 1 5 0 0 0 0 0 0
15723 1 0 0 0 0 1 5 0 0 0 0 0 0 0 0 0 0 7 7 1 2 2 4 0 4 0 0 0 0 0 0
15730 6 4 6 1 2 1 2 1 2 0 0 0 0 0 0 0 0 7 6 4 7 0 2 0 6 0 0 0 0 0 0
15752 4 4 8 0 0 0 0 3 6 0 0 0 0 0 0 0 0 8 7 6 6 3 7 0 3 0 0 0 0 0 0
15891 1 0 0 1 5 0 0 0 0 0 0 0 0 0 0 0 0 6 6 0 1 2 6 0 7 0 0 0 0 0 0
15900 1 1 5 0 0 0 0 0 0 0 0 0 0 0 0 0 0 5 4 1 1 2 2 0 2 0 0 0 0 0 0
15901 1 1 5 0 0 0 0 0 0 0 0 0 0 0 0 0 0 5 4 1 1 2 4 0 2 0 0 0 0 0 0
15931 1 0 0 0 0 1 5 0 0 0 0 0 0 0 0 0 0 7 7 0 1 1 5 0 3 0 0 0 0 0 0
15935 2 0 0 1 4 1 4 0 0 0 0 0 0 0 0 0 0 6 6 1 3 4 6 0 2 0 0 0 0 0 0
15939 1 0 0 0 0 1 5 0 0 0 0 0 0 0 0 0 0 3 3 0 1 4 2 0 3 0 0 0 0 0 0
15950 6 1 1 6 8 0 0 0 0 0 0 0 0 0 0 1 1 6 7 7 8 0 4 0 4 0 0 0 0 0 0
15982 1 0 0 0 0 1 5 0 0 0 0 0 0 0 0 0 0 5 5 0 1 2 3 1 4 0 0 0 0 0 0
15983 2 1 4 1 4 0 0 0 0 0 0 0 0 0 0 0 0 2 2 0 2 11 1 0 4 0 0 0 0 0 0
15990 1 0 0 0 0 1 5 0 0 0 0 0 0 0 0 0 0 5 5 0 1 2 2 0 3 0 0 0 0 0 0
16026 3 1 3 0 0 2 5 0 0 0 0 0 0 0 0 0 0 7 7 4 3 3 1 0 4 0 0 0 0 0 0
16027 6 6 7 1 2 0 0 0 0 0 0 0 0 1 2 0 0 7 6 6 8 0 1 0 5 0 0 0 0 0 0
16140 1 1 5 0 0 0 0 0 0 0 0 0 0 0 0 0 0 4 2 2 1 3 3 0 4 0 0 0 0 0 0
16145 1 0 0 0 0 1 5 0 0 0 0 0 0 0 0 0 0 7 7 0 1 1 7 0 2 0 0 0 0 0 0
2552 2 1 4 1 4 0 0 0 0 0 0 0 0 0 0 0 0 7 7 0 2 2 3 0 1 0 0 0 0 0 0
2558 1 0 0 0 0 1 5 0 0 0 0 0 0 0 0 0 0 3 3 0 1 4 2 0 2 0 0 0 0 0 0
16164 3 0 0 0 0 2 5 2 5 0 0 1 3 0 0 0 0 7 7 0 4 3 1 0 5 0 0 0 0 0 0
2566 5 5 9 0 0 0 0 0 0 0 0 0 0 0 0 0 0 8 6 7 8 0 3 0 1 0 0 0 0 0 0
16166 1 0 0 1 5 0 0 1 5 0 0 0 0 0 0 0 0 4 5 1 1 3 1 0 2 0 0 0 0 0 0
16169 2 0 0 0 0 2 7 0 0 0 0 0 0 0 0 0 0 2 2 0 2 11 1 0 4 0 0 0 0 0 0
16172 0 0 0 0 0 0 0 0 0 1 11 0 0 0 0 0 0 6 6 0 0 0 0 1 6 0 0 0 0 0 0
16177 0 0 0 0 0 0 0 0 0 0 0 0 0 0 0 0 0 7 7 0 0 0 0 1 3 0 0 0 0 0 0
16183 1 1 5 0 0 0 0 0 0 0 0 0 0 0 0 0 0 2 2 0 1 5 1 1 4 0 0 0 0 0 0
2569 3 0 0 0 0 2 5 0 0 0 0 1 3 0 0 0 0 8 8 0 3 1 1 0 4 0 0 0 0 0 0
3168 4 0 0 3 6 1 2 0 0 0 0 0 0 0 0 0 0 6 5 2 6 0 2 0 1 0 0 0 0 0 0
16194 1 0 0 0 0 1 5 0 0 0 0 0 0 0 0 0 0 6 6 0 1 2 6 1 5 0 0 0 0 0 0
3182 3 0 0 0 0 3 8 0 0 0 0 0 0 0 0 0 0 6 6 0 3 4 5 0 3 0 0 0 0 0 0
16195 7 7 8 3 2 0 0 1 1 0 0 0 0 0 0 0 0 8 7 7 8 0 6 0 3 0 0 0 0 0 0
3188 0 0 0 0 0 0 0 1 11 0 0 0 0 0 0 0 0 3 3 0 0 0 0 1 2 0 0 0 0 0 0
16199 2 0 0 0 0 2 7 0 0 0 0 0 0 0 0 0 0 6 6 0 2 3 4 0 2 0 0 0 0 0 0
16221 1 0 0 0 0 1 5 0 0 0 0 0 0 0 0 0 0 1 1 0 1 11 1 1 2 0 0 0 0 0 0
16224 1 0 0 0 0 1 5 0 0 0 0 0 0 0 0 0 0 1 1 0 1 11 1 1 2 0 0 0 0 0 0
19240 1 1 5 0 0 0 0 0 0 0 0 0 0 0 0 0 0 6 6 3 1 2 2 0 0 0 0 0 0 0 0
16230 1 0 0 0 0 1 5 0 0 0 0 0 0 0 0 0 0 6 6 0 1 2 6 0 4 0 0 0 0 0 0
16232 4 0 0 0 0 4 8 0 0 0 0 0 0 0 0 0 0 7 7 0 6 5 6 0 4 0 0 0 0 0 0
19243 1 0 0 0 0 1 5 0 0 0 0 0 0 0 0 0 0 7 7 0 1 1 6 1 4 0 0 0 0 0 0
16238 2 0 0 0 0 2 7 0 0 0 0 0 0 0 0 0 0 7 7 0 2 2 3 0 4 0 0 0 0 0 0
16240 1 0 0 0 0 1 5 0 0 0 0 0 0 0 0 0 0 3 3 0 1 4 2 0 3 0 0 0 0 0 0
19254 0 0 0 0 0 0 0 0 0 4 0 0 0 0 0 0 0 8 8 0 0 0 0 1 3 0 0 0 0 0 0
16253 1 0 0 0 0 1 5 0 0 0 0 0 0 0 0 0 0 4 4 0 1 3 2 0 2 0 0 0 0 0 0
16254 1 0 0 0 0 1 5 0 0 0 0 0 0 0 0 0 0 4 4 0 1 3 3 0 0 0 0 0 0 0 0
16265 3 0 0 0 0 3 8 0 0 0 0 0 0 0 0 0 0 8 8 0 3 1 8 0 3 0 0 0 0 0 0
16275 1 0 0 0 0 1 5 0 0 0 0 0 0 0 0 0 0 2 2 0 1 5 1 1 2 0 0 0 0 0 0
16289 2 0 0 0 0 2 7 0 0 0 0 0 0 0 0 0 0 7 7 0 4 3 6 0 3 0 0 0 0 0 0
16290 1 0 0 0 0 1 5 0 0 0 0 0 0 0 0 0 0 8 8 0 1 1 8 1 3 0 0 0 0 0 0
16299 1 0 0 0 0 1 5 0 0 0 0 0 0 0 0 0 0 7 7 0 1 1 1 0 3 0 0 0 0 0 0
16312 1 0 0 0 0 1 5 0 0 0 0 0 0 0 0 0 0 6 5 1 2 4 1 1 3 0 0 0 0 0 0
16419 1 0 0 0 0 1 5 0 0 0 0 0 0 0 0 0 0 2 2 0 1 5 1 1 6 0 0 0 0 0 0
16343 2 0 0 1 4 0 0 0 0 0 0 0 0 0 0 1 4 2 3 1 2 11 2 0 5 0 0 0 0 0 0
16422 1 0 0 0 0 1 5 0 0 0 0 0 0 0 0 0 0 2 2 0 1 5 1 1 6 0 0 0 0 0 0
19271 1 0 0 0 0 1 5 0 0 0 0 0 0 0 0 0 0 6 6 0 1 2 4 0 3 0 0 0 0 0 0
19272 3 3 8 0 0 0 0 2 5 0 0 0 0 0 0 0 0 8 7 5 7 5 7 0 3 0 0 0 0 0 0
19290 1 0 0 0 0 1 5 0 0 0 0 0 0 0 0 0 0 6 6 0 1 2 3 1 1 0 0 0 0 0 0
19299 3 2 5 1 3 0 0 0 0 0 0 0 0 0 0 0 0 3 3 0 5 0 1 1 3 0 0 0 0 0 0
16432 2 0 0 0 0 0 0 0 0 0 0 2 7 0 0 0 0 7 7 1 2 2 4 0 3 0 0 0 0 0 0
16365 1 0 0 0 0 1 5 0 0 0 0 0 0 0 0 0 0 7 7 0 1 1 6 0 3 0 0 0 0 0 0
16371 0 0 0 0 0 0 0 1 11 0 0 0 0 0 0 0 0 2 2 0 0 0 0 1 6 0 0 0 0 0 0
16387 4 0 0 4 8 0 0 0 0 0 0 0 0 0 0 0 0 7 7 6 8 0 6 0 5 0 0 0 0 0 0
16395 1 0 0 0 0 1 5 0 0 0 0 0 0 0 0 0 0 6 6 0 1 2 4 0 3 0 0 0 0 0 0
16399 1 0 0 0 0 1 5 0 0 0 0 0 0 0 0 0 0 7 7 0 1 1 4 0 3 0 0 0 0 0 0
16435 2 0 0 0 0 2 7 0 0 0 0 0 0 0 0 0 0 6 6 0 2 3 2 1 6 0 0 0 0 0 0
16438 0 0 0 0 0 0 0 0 0 1 11 0 0 0 0 0 0 6 6 0 0 0 0 1 2 0 0 0 0 0 0
16459 1 0 0 0 0 1 5 0 0 0 0 0 0 0 0 0 0 6 6 0 3 5 2 1 2 0 0 0 0 0 0
19300 8 7 9 0 0 0 0 1 1 3 2 1 1 0 0 0 0 8 8 8 8 0 4 0 3 0 0 0 0 0 0
16474 4 3 6 0 0 1 2 0 0 0 0 0 0 0 0 0 0 6 4 5 6 8 1 0 3 0 0 0 0 0 0
16485 1 1 5 0 0 0 0 1 5 0 0 0 0 0 0 0 0 6 3 4 1 2 4 0 3 0 0 0 0 0 0
16498 1 0 0 0 0 1 5 0 0 0 0 0 0 0 0 0 0 2 2 0 1 5 1 1 3 0 0 0 0 0 0
19304 3 2 5 0 0 1 3 0 0 0 0 0 0 0 0 0 0 5 3 2 3 6 3 0 1 0 0 0 0 0 0
19308 1 0 0 0 0 1 5 0 0 0 0 0 0 0 0 0 0 7 7 0 1 1 2 0 2 0 0 0 0 0 0
16506 1 0 0 0 0 1 5 0 0 0 0 0 0 0 0 0 0 4 4 0 1 3 3 1 4 0 0 0 0 0 0
19319 1 1 5 0 0 0 0 1 5 0 0 0 0 0 0 0 0 8 8 0 1 1 5 0 2 0 0 0 0 0 0
16507 1 0 0 0 0 1 5 0 0 0 0 0 0 0 0 0 0 6 6 2 6 8 1 0 3 0 0 0 0 0 0
19331 0 0 0 0 0 0 0 3 0 0 0 0 0 0 0 0 0 6 6 2 0 0 0 0 3 0 0 0 0 0 0
19337 1 0 0 0 0 1 5 0 0 0 0 0 0 0 0 0 0 6 6 0 1 2 2 1 1 0 0 0 0 0 0
19348 1 0 0 0 0 1 5 0 0 0 0 0 0 0 0 0 0 3 3 0 1 4 2 1 1 0 0 0 0 0 0
19363 1 1 5 0 0 0 0 1 5 0 0 0 0 0 0 0 0 6 6 2 3 3 5 0 3 0 0 0 0 0 0
19387 1 1 5 0 0 0 0 1 5 0 0 0 0 0 0 0 0 7 7 2 3 2 7 0 2 0 0 0 0 0 0
16549 1 0 0 0 0 1 5 0 0 0 0 0 0 0 0 0 0 8 8 1 6 3 7 0 6 0 0 0 0 0 0
19394 1 1 5 0 0 0 0 1 5 0 0 0 0 0 0 0 0 8 8 2 3 2 7 0 2 0 0 0 0 0 0
16561 7 7 10 0 0 0 0 0 0 0 0 0 0 0 0 0 0 8 4 8 7 7 5 0 6 0 0 0 0 0 0
19464 1 0 0 0 0 1 5 0 0 0 0 0 0 0 0 0 0 6 6 0 1 2 3 0 3 0 0 0 0 0 0
16685 1 1 5 0 0 0 0 0 0 0 0 0 0 0 0 0 0 7 7 1 1 1 5 0 5 0 0 0 0 0 0
19465 1 0 0 0 0 1 5 0 0 0 0 0 0 0 0 0 0 7 7 0 1 1 2 0 3 0 0 0 0 0 0
16722 1 0 0 0 0 1 5 0 0 0 0 0 0 0 0 0 0 3 3 0 1 4 2 0 2 0 0 0 0 0 0
16726 1 0 0 0 0 1 5 0 0 0 0 0 0 0 0 0 0 3 3 0 1 4 2 0 2 0 0 0 0 0 0
16740 1 0 0 0 0 1 5 0 0 0 0 0 0 0 0 0 0 3 3 0 1 4 2 0 6 0 0 0 0 0 0
16745 7 0 0 0 0 7 10 0 0 0 0 0 0 0 0 0 0 8 8 0 7 8 1 0 2 0 0 0 0 0 0
16758 2 0 0 0 0 2 7 0 0 0 0 0 0 0 0 0 0 6 6 0 2 3 3 0 3 0 0 0 0 0 0
16775 1 0 0 0 0 1 5 0 0 0 0 0 0 0 0 0 0 6 5 1 2 4 4 0 5 0 0 0 0 0 0
16791 1 0 0 1 5 0 0 0 0 0 0 0 0 0 0 0 0 3 3 0 1 4 2 1 3 0 0 0 0 0 0
16793 0 0 0 0 0 0 0 0 0 1 11 0 0 0 0 0 0 4 4 0 0 0 0 1 3 0 0 0 0 0 0
16794 2 0 0 2 7 0 0 0 0 1 4 0 0 0 0 0 0 4 4 0 2 5 2 1 3 0 0 0 0 0 0
16822 2 0 0 0 0 1 4 0 0 0 0 1 4 0 0 0 0 7 7 1 2 2 6 1 3 0 0 0 0 0 0
16844 1 0 0 0 0 1 5 0 0 0 0 0 0 0 0 0 0 2 2 0 1 5 1 1 4 0 0 0 0 0 0
16855 4 0 0 0 0 1 2 2 4 0 0 1 2 1 2 1 2 7 7 0 6 9 6 0 4 0 0 0 0 0 0
16880 4 0 0 0 0 4 8 0 0 0 0 0 0 0 0 0 0 5 5 0 4 8 1 1 5 0 0 0 0 0 0
16914 7 7 8 0 0 3 2 0 0 0 0 0 0 0 0 0 0 8 6 7 7 8 1 0 3 0 0 0 0 0 0
16927 1 0 0 0 0 1 5 0 0 0 0 0 0 0 0 0 0 6 6 0 2 4 1 0 3 0 0 0 0 0 0
16931 1 0 0 0 0 1 5 0 0 0 0 0 0 0 0 0 0 6 6 0 2 4 1 0 3 0 0 0 0 0 0
16932 1 0 0 0 0 1 5 0 0 0 0 0 0 0 0 0 0 6 6 0 2 4 1 0 3 0 0 0 0 0 0
16935 1 0 0 0 0 1 5 0 0 0 0 0 0 0 0 0 0 6 6 0 2 4 1 0 3 0 0 0 0 0 0
16959 2 2 7 0 0 0 0 0 0 0 0 0 0 0 0 0 0 6 3 4 6 9 3 0 4 0 0 0 0 0 0
16991 7 7 9 0 0 2 2 0 0 0 0 0 0 0 0 0 0 8 6 7 8 0 2 0 4 0 0 0 0 0 0
17012 2 0 0 0 0 2 7 0 0 0 0 0 0 0 0 0 0 3 3 0 2 7 1 0 4 0 0 0 0 0 0
17034 6 5 8 0 0 0 0 0 0 0 0 0 0 1 2 0 0 7 6 6 8 0 5 0 6 0 0 0 0 0 0
17056 3 2 5 0 0 1 3 0 0 1 3 0 0 0 0 0 0 7 6 3 6 5 2 0 4 0 0 0 0 0 0
17060 1 0 0 0 0 1 5 0 0 0 0 0 0 0 0 0 0 5 5 0 1 2 4 1 2 0 0 0 0 0 0
17061 1 1 5 0 0 0 0 0 0 0 0 0 0 0 0 0 0 3 2 1 1 4 2 0 2 0 0 0 0 0 0
17064 1 0 0 0 0 1 5 0 0 0 0 0 0 0 0 0 0 7 7 0 1 1 6 0 2 0 0 0 0 0 0
17072 2 0 0 0 0 2 7 0 0 0 0 0 0 0 0 0 0 8 8 0 2 1 5 0 3 0 0 0 0 0 0
17102 1 0 0 0 0 1 5 0 0 0 0 0 0 0 0 0 0 6 6 0 1 2 3 1 2 0 0 0 0 0 0
17111 6 6 9 0 0 0 0 0 0 0 0 0 0 0 0 0 0 8 7 7 8 0 7 0 3 0 0 0 0 0 0
17140 1 0 0 0 0 1 5 0 0 0 0 0 0 0 0 0 0 4 4 0 1 3 3 0 3 0 0 0 0 0 0
17141 2 0 0 1 4 1 4 0 0 0 0 0 0 0 0 0 0 3 3 0 3 11 1 0 3 0 0 0 0 0 0
17145 1 0 0 0 0 1 5 0 0 0 0 0 0 0 0 0 0 2 2 0 1 5 1 1 3 0 0 0 0 0 0
17364 1 0 0 0 0 1 5 0 0 0 0 0 0 0 0 0 0 7 7 1 1 1 2 0 4 0 0 0 0 0 0
17388 2 0 0 0 0 2 7 0 0 0 0 0 0 0 0 0 0 8 8 0 2 1 8 0 2 0 0 0 0 0 0
17394 6 5 8 1 2 0 0 0 0 0 0 0 0 0 0 0 0 7 6 5 6 9 5 0 2 0 0 0 0 0 0
