117
147
1986
2178
2361
2904
2913
3123
3252
3261
3363
3420
3438
3498
3552
3564
3594
3660
3669
3687
3756
3966
4011
4041
4053
4083
4092
4137
4164
4239
4248
4353
4569
4623
4644
4932
4935
5160
5166
5403
5430
5514
5541
5544
5592
5673
5775
5778
5847
5862
5937
5964
6465
6483
6534
6552
6612
6672
6735
6921
7059
7182
7185
7341
7434
7563
7569
7902
7989
8022
8040
8172
8175
8241
8256
8331
8358
8736
8787
8889
8901
8994
9063
9144
9165
9201
9282
9639
13419
13440
13527
13536
13638
13641
13686
13695
13926
13947
13965
13974
13980
14130
14235
14286
14349
14352
14391
14499
14619
14937
14940
14946
14949
14964
14988
15036
15051
15201
15228
15327
15390
15456
15465
15471
15480
15546
15594
15714
15735
15741
15957
16020
16092
16110
16254
16344
16350
16359
16680
17154
17298
17325
17373
17406
17469
17655
17751
17763
17808
17871
17934
17976
18090
18141
18228
18342
18600
18735
18795
18816
18861
18933
19050
19287
19290
19302
19401
19434
19467
19491
19515
19545
19779
19785
20379
20415
20424
20427
20517
20643
20664
20679
20682
20706
20754
20877
21063
21204
21492
21687
21837
21900
22026
22032
22158
22176
22242
22410
22422
22452
22467
22473
22476
22485
22488
22569
22863
23313
23349
23466
23544
23559
23565
23865
23958
24081
24150
24174
24522
24540
24633
24642
24771
24780
24804
24810
24819
24828
24837
24879
24957
24966
24993
24999
25083
25875
25956
26085
26436
26463
26745
26859
27147
27162
27264
27327
27333
27342
27345
27348
27498
27738
27765
27813
27951
28113
28404
28482
29619
29706
30249
30507
30588
30723
30786
30954
30963
30993
31203
31230
31260
31266
31290
31326
31344
31386
31479
31575
31629
31635
31665
32235
32319
32358
32469
32640
32985
33336
33678
33852
33861
33948
34185
34503
34599
34881
34887
34896
35283
35313
35541
35754
35811
35904
35928
35940
35982
36042
36075
36102
36198
36261
36375
36687
36696
36699
37368
37446
37533
37536
37539
37689
37716
38751
38754
39333
39504
39786
39795
40086
40098
40143
40185
40800
40908
41016
41094
41541
41589
42141
42276
42447
42705
42717
42765
42837
42903
42951
43041
43056
43899
43902
43905
44157
44160
44436
44625
44643
44865
45009
45036
45219
45258
45543
45555
45594
45597
45642
45651
45699
45795
45822
45831
45861
45906
45912
45942
46074
46113
46239
46272
46302
46323
46422
46425
46443
46446
46479
46482
46803
46824
46914
47040
47184
47229
47277
47637
47652
47685
47895
48108
48171
48204
48309
48552
48597
48744
48765
48807
48990
49053
49056
49062
49086
49113
49158
49167
49221
49224
49245
49254
49323
49404
49452
49500
49503
49587
49590
49593
49596
49605
49761
49764
49767
49770
49773
49776
49782
49911
50115
50169
50184
50196
50202
50229
50268
50361
50838
50940
51006
51078
51216
51354
51390
51405
51459
51477
51822
51948
52017
52026
52050
52191
52218
52239
52242
52419
52470
52551
52584
52656
52911
52914
52920
53145
53322
53520
53727
53850
53904
53910
53913
53925
54012
54063
54075
54090
54291
54303
54309
56670
56697
56769
56841
57024
57042
57084
57099
57189
57201
57213
57339
57363
57816
57843
57870
57972
58008
58011
58014
58101
58443
58449
58458
58488
58683
59238
59373
59424
59535
59919
60048
60126
60147
60819
61317
61644
61647
61656
61800
61824
61863
62001
62355
62559
62598
62658
62664
63072
63132
63138
63141
63186
63486
63795
63798
63996
64053
64128
64131
64191
64266
64383
64545
64641
64644
64671
64887
65169
65202
65277
65349
65358
65406
65424
65481
65484
65601
65655
65724
65727
65781
65823
65826
65973
66006
66036
66039
66048
66129
66150
66183
66222
66453
66462
66531
66555
66663
66714
66717
66741
67128
67248
67251
67254
67266
67464
67683
67725
67893
67935
68820
69312
69330
69396
69423
69558
69849
69960
70074
70116
70470
70485
70503
70509
70626
70761
70770
70980
71202
71256
71997
72489
73017
73107
73155
73209
73218
73236
73308
73311
73677
73713
73800
73905
73992
74343
74916
75144
75216
75345
75354
75429
75531
75696
75714
75771
75783
76173
76851
76941
77100
77151
77436
77547
77886
78042
78147
78168
78267
78321
78822
78831
79131
79284
79389
79395
79428
79434
79497
79521
79575
79617
79692
80043
80085
80109
80136
80142
80211
80223
80691
80718
80727
80829
80832
80985
80988
81012
81168
81444
81516
81600
81720
81726
81729
81918
81924
82485
82653
82680
83058
83073
83094
83184
83310
83313
83331
83565
83589
83679
83682
83721
83856
84057
84096
84417
84492
84657
84720
84948
85149
85158
85161
85203
85677
85758
85764
85863
85872
85878
85920
85932
85947
85983
85998
86013
86034
86049
86187
86199
86250
86340
86451
86457
41
145
154
173
1516
1519
1523
1553
1709
1757
1843
1888
1910
1925
1975
2024
2177
2179
2180
2185
2249
2267
2359
2377
2414
2551
2569
2570
2579
2681
2692
2725
2726
2836
2843
2867
2903
2917
2963
2972
2978
3002
3014
3062
3178
3182
3322
3335
3346
3370
3398
3421
3445
3520
3535
3554
3602
3608
3641
3742
3745
3763
3772
3781
3872
3916
4004
4073
4091
4142
4160
4219
4220
4238
4267
4330
4441
4510
4594
4651
4679
4753
4775
4778
4934
5017
5027
5057
5092
5119
5152
5183
5188
5221
5305
5473
5506
5543
5594
5620
5627
5638
5644
5645
5657
5728
5735
5848
5893
5897
6077
6115
6118
6151
6158
6167
6176
6272
6317
6352
6391
6398
6433
6445
6475
6484
6529
6556
6611
6643
6644
6653
6758
6850
6979
7006
7066
7094
7160
7339
7342
7424
7495
7522
7555
7586
7591
7624
7708
7805
7832
7873
7910
7937
7939
7940
7987
8015
8033
8039
8056
8125
8132
8242
8287
8291
8485
8512
8516
8521
8528
8588
8684
8711
8899
8932
9055
9058
9139
9239
9364
9377
9413
9434
9442
9455
9490
9541
9652
9686
13420
13424
13426
13427
13433
13454
13459
13520
13526
13636
13640
13646
13649
13666
13667
13748
13763
13816
13820
13822
13915
13937
13948
13951
13955
13960
14039
14057
14071
14102
14131
14144
14180
14242
14243
14251
14255
14258
14294
14353
14435
14453
14458
14497
14558
14642
14747
14768
14788
14821
14834
14944
14971
14981
14983
15032
15037
15050
15053
15056
15058
15086
15094
15106
15157
15158
15232
15314
15340
15350
15373
15377
15388
15398
15419
15475
15481
15563
15592
15608
15691
15721
15778
15826
15827
15833
15838
15847
15856
15886
15956
15983
16001
16007
16019
16030
16043
16052
16142
16192
16198
16204
16219
16222
16238
16462
16471
16688
16730
16811
16817
16930
17141
17263
17309
17321
17344
17345
17356
17396
17447
17567
17570
17650
17729
17759
17873
17930
17954
17995
18080
18082
18130
18134
18155
18176
18259
18268
18271
18344
18371
18470
18571
18580
18610
18688
18694
18739
18791
18797
18842
19154
19160
19231
19289
19385
19459
19462
19466
19481
19487
19510
19541
19606
19747
19778
19835
20000
20003
20117
20297
20320
20342
20408
20411
20431
20527
20660
20690
20692
20707
20752
20756
21061
21065
21496
21686
21839
21860
21862
21874
21878
21889
21893
21931
21977
22099
22115
22160
22202
22210
22225
22385
22390
22426
22435
22439
22465
22466
22468
22471
22483
22898
22925
23021
23063
23066
23086
23188
23201
23281
23288
23294
23317
23324
23363
23366
23387
23392
23408
23413
23459
23524
23614
23657
23659
23660
23671
23782
23882
23891
23899
23924
23926
23969
23972
24013
24077
24155
24179
24418
24427
24479
24481
24553
24554
24578
24587
24599
24613
24625
24638
24706
24724
24745
24766
24776
24784
24790
24815
24823
24881
25030
25108
25109
25202
25321
25345
25427
25540
25555
25634
25670
25726
25738
26006
26008
26087
26341
26348
26369
26371
26378
26464
26468
26725
26752
26756
26761
26858
26863
26908
26951
26968
27007
27248
27257
27307
27320
27341
27344
27347
27419
27425
27518
27532
27554
27692
27736
27737
27739
27766
27827
27842
27847
27851
27952
28144
28378
28399
28400
28460
28481
28486
28513
28585
28589
28732
28808
28844
29822
30106
30110
30241
30248
30335
30337
30454
30493
30535
30611
30785
30932
30937
30938
30950
30965
31126
31181
31234
31295
31298
31387
31480
31514
31534
31535
31574
31630
31631
31643
31654
31660
31664
31894
32200
32236
32320
32321
32384
32590
32885
33151
33683
33734
33758
33763
33811
33818
33830
33839
33857
33866
33883
34171
34225
34367
34538
34765
34868
34876
34895
34898
34927
34967
35143
35150
35153
35420
35435
35593
35614
35615
35755
35812
35906
35908
35920
35921
35927
35932
35933
35939
35944
35984
35986
35987
35989
36043
36044
36082
36085
36094
36097
36100
36122
36131
36146
36149
36154
36188
36191
36196
36266
36340
36356
36365
36368
36383
36425
36449
36497
36613
36617
36763
37318
37369
37513
37534
37537
37547
37592
37631
37657
37660
37661
37666
37690
37717
37718
37775
37778
37795
37960
37978
38230
38231
38660
38671
38672
38740
38753
38938
38947
39037
39086
39127
39428
39946
39955
39985
40009
40021
40055
40088
40097
40121
40123
40208
40210
40217
40271
40472
40523
40547
40907
40927
40940
41023
41104
41236
41446
41732
41797
41816
42116
42218
42460
42461
42463
42464
42562
42685
42706
42712
42754
42758
42842
42874
42919
42922
42976
43240
43750
43810
43946
44126
44137
44147
44155
44156
44158
44159
44161
44162
44170
44194
44455
44494
44630
44642
44693
44959
44983
44987
44989
45154
45221
45227
45251
45278
45292
45326
45376
45397
45406
45437
45440
45484
45503
45515
45518
45541
45556
45557
45563
45644
45646
45685
45812
45863
45898
45901
45908
45929
45983
46076
46105
46108
46109
46124
46132
46159
46207
46232
46234
46247
46252
46261
46271
46277
46286
46291
46325
46370
46414
46415
46417
46420
46421
46423
46424
46426
46427
46430
46441
46477
46478
46480
46481
46483
46484
46667
46697
46814
46837
46849
46985
47035
47045
47116
47156
47167
47183
47185
47228
47230
47237
47276
47278
47285
47636
47653
47663
47665
47687
47770
47797
47842
47887
47888
47890
47921
47929
47942
48091
48104
48106
48112
48118
48122
48160
48181
48182
48199
48212
48308
48370
48388
48422
48497
48514
48542
48577
48590
48631
48637
48743
48769
48781
48806
48817
48872
48913
48932
48971
48977
48979
49006
49040
49058
49079
49085
49094
49114
49124
49147
49150
49162
49219
49246
49247
49258
49406
49441
49501
49504
49507
49529
49558
49562
49565
49568
49577
49579
49586
49588
49589
49591
49592
49594
49595
49757
49763
49765
49766
49768
49769
49771
49772
49775
49783
49879
49880
50053
50075
50140
50204
50212
50243
50267
50309
50336
50369
50378
50887
50893
50911
50920
50921
50930
51007
51008
51064
51083
51128
51131
51191
51257
51355
51359
51458
51610
51622
51679
51680
51685
51686
51710
51781
51820
51824
51877
51896
51934
51958
52022
52063
52100
52142
52468
52510
52529
52538
52544
52564
52577
52607
52652
52657
52781
52784
52924
52945
52951
52967
52970
53033
53044
53069
53077
53081
53102
53111
53245
53309
53371
53390
53519
53680
53705
53756
53836
53842
53843
53902
53903
53908
53909
53911
53912
53924
53926
53993
54014
54074
54079
54080
54091
54094
54236
54277
54281
54299
54373
54380
54400
54412
56669
56785
56804
56812
56837
56852
56857
56860
56863
56930
56998
57008
57112
57133
57200
57203
57208
57209
57214
57215
57259
57260
57266
57280
57329
57338
57361
57365
57578
58009
58027
58036
58418
58423
58424
58427
58505
59080
59402
59423
59483
59536
59612
59932
59989
60089
60095
60125
60142
60148
60214
60437
60644
61001
61139
61183
61247
61252
61334
61340
61366
61559
61562
61564
61594
61658
61825
61831
61835
61862
61886
61891
62200
62369
62395
62420
62428
62431
62441
62456
62533
62534
62645
62693
62779
63113
63139
63140
63142
63143
63164
63166
63473
63482
63484
63485
63488
63515
63544
63587
63676
63680
63766
63910
63962
63991
63995
64016
64031
64130
64138
64237
64334
64409
64430
64438
64445
64474
64577
64666
64718
64775
64823
65005
65087
65090
65149
65182
65194
65197
65201
65239
65240
65272
65276
65279
65321
65336
65348
65407
65482
65513
65524
65668
65690
65726
65768
65774
65921
65930
65953
65954
65963
65965
65972
66007
66040
66041
66049
66070
66083
66100
66116
66128
66178
66179
66182
66190
66191
66221
66224
66226
66227
66266
66310
66419
66463
66493
66559
66694
66709
66710
66712
66721
66722
66781
66782
66787
66847
66860
66896
66898
66998
67046
67058
67133
67153
67211
67237
67261
67267
67268
67459
67481
67654
67681
67715
67777
67798
67886
67957
68033
68059
68228
68743
68789
68887
68948
68968
68996
69080
69094
69095
69170
69197
69242
69329
69418
69526
69835
69850
69892
69931
70124
70130
70133
70139
70145
70262
70462
70463
70465
70466
70468
70469
70474
70651
70690
70940
71191
71672
71992
71993
71995
71996
72029
72127
72128
72229
72283
72296
72362
72553
72694
73015
73028
73070
73108
73120
73129
73159
73171
73186
73195
73225
73262
73304
73307
73319
73345
73373
73382
73420
73643
73648
73807
73829
73870
74143
74144
74162
74213
74215
74347
74350
74353
74357
74476
74497
74852
74932
74959
75026
75043
75065
75070
75194
75202
75260
75262
75268
75301
75328
75695
75710
75772
75782
75808
75809
75970
75979
76228
76265
76712
77060
77068
77072
77609
77644
78032
78046
78103
78166
78208
78212
78238
78239
78253
78302
78331
78332
78395
78409
78419
78497
78508
78512
78599
78671
78751
78760
78917
78934
79006
79117
79127
79159
79396
79469
79543
79552
79583
79621
79654
79655
79660
79688
79717
79726
80152
80179
80215
80218
80366
80456
80557
80594
80599
80626
80708
80711
80734
80737
80744
80746
80788
80792
80833
80983
80999
81133
81155
81214
81215
81274
81299
81316
81319
81337
81349
81367
81418
81439
81517
81560
81680
81724
81811
81850
81898
81899
81905
82006
82021
82255
82481
82648
82670
82750
82760
82771
82880
83216
83263
83264
83266
83311
83330
83333
83519
83563
83566
83567
83593
83639
83677
83681
83708
83989
84065
84074
84097
84104
84115
84167
84212
84373
84407
84416
84473
84584
84599
84674
84695
84733
84734
84833
84926
84949
85151
85168
85213
85403
85606
85738
85748
85760
85843
85849
85862
85864
85876
85882
85909
85928
85951
85958
85982
86015
86020
86032
86047
86186
86191
86198
86203
86251
86255
86341
86345
86441
86450
86452
86456
86458
86462
86497
86587
86621
86707