21788
1459
81852
1458
1457
80524
29269
56893
80521
3632
68870
3635
2308
3637
34625
68884
66226
3650
1472
1470
75177
2317
58602
59932
2314
1466
29279
2794
4973
3643
5822
59939
64041
17263
5840
39059
1483
4507
60930
80544
4983
4984
4985
4986
3656
3659
4520
15099
1488
33740
1486
1485
59952
5845
4515
35924
67103
44865
15069
3684
82736
84917
57303
33733
2345
1498
57300
6706
2364
1028
57316
2358
28384
2357
80556
27057
5864
5866
57319
32877
69305
41331
69304
2375
3221
20879
84936
83613
2369
2368
2366
2365
5879
64096
8904
67134
6742
2385
5409
8918
57338
2377
57334
3223
57335
624
69310
80919
64430
63585
66610
64435
2394
63108
2387
53789
45350
83198
6743
36885
39915
47526
4581
21398
4585
64445
75577
64447
67957
56821
2398
79921
39903
60092
85390
8953
45334
6774
1086
65308
34688
77773
8946
60099
5437
5438
64461
6781
25739
5452
6786
63135
47983
65797
68827
63138
66649
64468
3274
56841
53335
32011
84056
7628
78619
84052
15934
64471
64474
63143
67502
8973
67504
74272
33336
72092
34667
35510
3279
51167
6304
5458
4129
8981
43125
43121
6324
74289
67518
24867
200
32476
201
35984
40090
209
84079
48803
68851
48800
8997
63168
21328
23985
13703
77333
213
86288
4163
66204
64024
66205
64027
22660
19494
56880
77322
31122
4159
7200
6352
7201
63980
63982
73300
63504
26558
40859
60476
4169
84441
84440
75975
82260
8545
4188
7212
8543
79083
59498
63515
59492
63518
82259
1907
6358
37687
83100
49660
80076
8553
61340
5048
64854
64855
40847
1910
85315
84466
5038
47475
83133
1914
53727
15889
84461
75519
64868
65718
82279
46130
15412
86630
1924
1923
84450
64870
47457
64871
35472
62215
65725
63546
65729
1932
1930
9417
1936
1935
83152
7253
47443
7258
64402
62228
60048
36795
76855
9427
77703
9442
46587
65740
46101
63564
62233
65742
24794
64413
64415
1954
1952
86201
8122
62243
66605
5092
66608
66609
7273
2812
83168
79900
86673
50269
36778
8135
9463
72852
9468
72851
57220
83507
63903
81337
1973
1971
1970
72868
7299
39462
1990
84826
1502
61729
82651
66182
1509
1508
1507
2838
18547
1989
1505
66183
1504
9003
18995
9480
59421
8152
60408
1514
57248
1513
82205
60414
1511
85712
57245
1992
82686
66190
81352
67044
1516
2846
67058
8168
15493
18521
26147
9493
58107
79024
1523
80496
1522
80495
63928
1520
59433
57257
58104
1527
14131
62611
1536
1535
82228
57266
1531
2861
85732
80048
15468
67062
30621
67066
68395
1537
15471
1550
73750
79042
1547
1546
26120
1543
1541
1540
82214
82693
69254
1548
8190
2890
61786
8197
84419
1555
23062
1554
1552
50652
31937
2408
80063
1559
70268
62640
46179
1572
1570
61799
2416
62639
2414
2898
1566
2413
64819
2412
26584
57299
2895
2410
80059
48354
83563
5922
81380
24937
66330
16074
44540
1582
2427
5937
2426
1577
2424
79656
13809
40180
2428
65481
43202
64166
67678
2441
1592
1590
9076
23610
22764
46714
57875
1589
79643
1587
2433
57873
2431
53036
3762
79648
33404
64179
3781
67209
9084
41017
67208
16051
45856
82837
4628
4629
80662
2447
31697
79675
1596
1595
4620
4627
40153
66365
68542
68547
3793
2462
2461
82825
61912
33864
79663
29379
79669
57895
4633
4634
29371
3308
66376
73901
2473
2472
2471
69407
2469
80682
81536
82867
57420
80204
5976
68551
68550
30349
71715
73911
2485
2000
69418
80674
31662
33840
61926
1148
2478
2477
2476
73904
5520
2496
2495
81548
77051
2491
3339
60613
58777
2007
83736
57448
83735
2005
2489
4668
19527
69434
50817
2023
2022
82868
81537
29332
80215
2497
30317
6856
5524
6855
6857
7704
65074
5542
64554
3361
26712
86349
53426
85498
56938
56936
46315
62385
44132
74367
72189
3374
1195
75210
3370
35667
3367
2035
3366
86335
56949
5546
6878
6877
84150
37846
46303
6896
5565
2056
63247
2054
22332
2052
2050
52113
32145
35652
4224
4226
26708
2067
2066
23675
2061
2060
51274
56964
76555
78734
2057
3388
78733
6414
5567
6897
14721
6416
6418
14724
7748
77409
37825
54308
21465
5587
64598
68959
2077
78760
78763
77439
8608
8609
43245
24989
5595
63276
64128
68967
2085
2083
46759
77426
5105
5106
6439
7781
45413
7301
64137
66312
67644
66313
80616
2098
66317
2095
45418
13827
332
35612
76123
6447
4268
5115
6449
66790
63281
64142
65472
46733
68985
4280
21458
81942
80612
30393
80611
80610
76115
7789
77449
7308
65470
6472
6471
29708
5144
62772
41831
62779
58272
83239
85897
8648
83230
60590
10
11
13
6485
6484
15
6005
9512
6004
62785
62786
62788
62789
34291
65817
369
35146
24023
68084
48452
37328
85880
20
62790
25
7342
6014
48447
6013
65819
22290
76969
5174
35
7354
36
37
16862
38
39
5179
64504
82398
76953
60144
83241
52522
43
44
45
5185
61480
48
63661
15980
63665
64515
65847
6030
7360
65849
61001
49750
46240
76989
52
45392
2901
39958
55
58
9552
5199
13331
64521
72144
5191
5193
35585
52541
8219
83264
61
2915
83260
56901
83261
56903
9562
6058
66710
56908
63684
74336
65863
33390
84148
70
83296
78708
79
65875
8247
36893
26620
68902
73012
75673
73492
1601
84139
76997
81
82
1607
85461
86
1603
87
88
38261
9587
14293
69322
16477
14298
1610
85813
91
2949
1616
1615
1614
60518
78275
1624
2955
1623
2954
80112
83623
78279
1621
84951
81442
84950
26289
82770
2959
32953
37394
37398
57361
21805
6093
9121
8274
62714
60527
2964
41409
81475
31612
1638
47196
3812
69341
1636
68026
69356
9139
14287
14285
18640
42736
8282
62726
62718
1643
39568
18649
82793
1648
47182
69352
44904
57383
26235
36043
61888
2504
1657
83679
1656
3837
1655
2501
1654
3839
2500
86701
82344
86702
57388
1651
1650
84523
38226
3830
67181
2508
49352
47171
2505
70362
1668
85847
1667
84514
1666
2994
85844
37367
2519
2518
68043
1669
68059
9166
14231
1682
1681
63600
1680
64933
61424
9163
86719
1679
1673
85875
30725
80182
30726
76923
2529
73898
73895
29735
24047
58263
1691
9170
58265
2537
4716
23191
1688
1686
83202
2532
1685
83685
2531
86710
19937
84530
3867
2538
65121
19222
2551
82938
2550
76260
20216
16191
2548
4727
57987
2545
56651
1695
2541
56653
4721
62090
62092
9199
25916
68640
66466
66467
82928
45507
82930
54001
3404
56667
2555
2554
65149
43310
83808
2572
41137
80778
56671
83804
13903
74094
2568
82960
59700
2563
6922
3897
66001
44630
3431
81619
56680
58860
46815
77120
58865
2579
60700
2578
2577
2576
79303
58864
4754
31326
3429
69522
2590
45958
79331
2587
2101
4764
30469
34809
83815
60716
29479
2112
33969
6954
50920
17018
6958
42420
66036
6971
70530
7820
40242
2133
2132
2130
82518
2129
2127
2126
2125
3456
28115
7812
5636
5637
65185
7816
6969
68224
6980
21972
6984
66048
2144
2142
2141
40239
31764
2138
2135
5643
31766
66040
63340
2154
2153
23322
2150
74472
57900
36641
21141
5655
53548
5657
20291
84283
7839
66863
64202
2165
73155
2162
2160
36639
76651
888
86455
54405
4338
86452
62032
5202
2177
19285
67724
69909
2172
46428
22450
7854
45572
53567
6525
7859
79718
69912
5696
5213
19290
2183
74020
53571
2178
8714
50069
8712
53579
52248
79705
8719
5208
62052
17087
66414
2199
2198
37937
2189
78403
5698
7879
85179
85175
57948
45544
44693
5235
7896
69931
22444
80706
30057
53111
442
14826
77543
80711
3048
53597
6557
86015
77547
34419
13976
62061
86041
7420
9601
18398
3061
79755
79757
76248
29041
62084
70940
66443
5252
67775
3079
82906
74062
57974
57976
30036
79748
79747
86035
79749
56647
5263
62891
14330
65921
25465
65920
82028
57068
83358
81174
39636
84685
15664
77914
68197
5274
8782
13495
7456
40610
62425
65933
3096
65935
62429
62419
6117
45064
53955
9625
6119
8778
7449
82490
52626
39610
62432
65940
57086
7460
5281
496
85559
15644
21082
82041
9657
64621
6147
64623
59274
53974
85541
7488
62455
45031
82064
77955
53501
77958
7011
8342
7499
21078
70089
9676
34374
63799
8340
1700
24581
53992
1707
53512
85563
1703
6175
9201
9683
48526
28916
25409
65983
49852
35210
24553
73124
75300
65989
70093
1712
1711
33036
86447
86443
13426
14757
61140
1713
6188
45008
6187
63331
9217
7039
62003
6180
66844
8361
72283
74462
63339
6181
6184
1722
32179
1720
51350
1729
78815
14763
84250
78817
65088
15260
67266
69449
70433
68116
61964
45914
85926
1734
1731
1730
60631
1739
1738
65084
1737
7058
29430
1743
85922
62817
62818
82892
1749
3923
19601
43716
61985
79274
85948
8393
57481
2603
1755
81116
84624
60656
58339
1752
84621
1750
2608
1758
68131
9255
58342
7072
79265
2614
82436
1765
81587
85941
81580
81581
2619
2618
2617
2616
1769
2615
41991
1778
60679
2621
1771
3951
31717
53901
68168
1790
79286
57030
80277
57038
1308
3965
51734
4814
51738
69025
74852
57044
25005
65900
9283
58372
58371
1799
82007
1798
1796
82002
84665
85998
60213
2641
1793
82482
84663
81153
82484
3974
82485
4823
82480
82481
70024
75711
3992
48115
61559
81145
84656
3983
38798
4831
39647
38799
4832
3506
17878
41275
23849
64399
86180
65248
65247
45636
44789
81726
44307
57620
4845
32329
70600
42113
45629
80868
32798
34971
66113
66110
68772
66111
2690
80420
5719
3535
2202
2201
66592
4867
2209
21655
65275
65277
66127
5730
2221
3550
54141
44759
2218
2217
2216
57658
58504
75070
57651
59831
5720
4875
18007
58506
65270
58509
2219
66133
2230
3561
68319
2228
4409
2227
3558
29105
2222
66130
66146
22968
40377
23816
7930
21639
4419
2239
82612
2236
2233
7923
4414
4418
66156
16250
2253
2250
43878
77295
77298
2249
2247
2244
4422
6603
5755
18437
32745
70649
51903
71993
2264
40357
57210
2260
79462
79464
54186
57211
984
3104
81783
2256
2255
5764
49169
5768
66163
26060
63460
63464
71088
2275
2272
26955
2270
74591
76780
3117
77631
76301
3598
77633
86101
77639
83060
44374
62145
2287
24784
2286
74124
67837
2284
66988
2281
67838
2280
85248
78956
56706
47882
5305
37603
42190
56705
64332
63486
74138
47873
2298
74136
2296
3142
2293
2291
77651
78989
6644
5799
53204
6646
5319
22107
4481
21256
47863
4486
47861
6664
45685
62169
74145
74143
22589
50180
18082
75470
77640
33225
76312
76313
2299
34551
4477
76315
76316
85265
7989
78979
4492
62174
21223
4011
8854
7523
46520
556
80841
8847
4489
85298
86148
7518
6684
4023
65215
4025
5356
75495
58923
78993
56745
5348
58926
62182
5360
64376
23864
74171
79875
80863
80862
7539
86166
4041
66564
7555
3197
44318
47826
80848
583
79861
74183
56764
101
14925
104
106
57619
108
31007
67890
57617
34515
57180
4055
5386
74514
4056
8895
4057
62530
61684
63865
58035
57187
64715
593
58036
118
119
4049
82143
69160
7573
6247
46036
57197
29954
57198
26448
5391
64728
59373
121
122
127
83462
81286
81282
63881
4079
7588
62554
63401
64732
62558
131
132
133
83014
60378
83017
60376
82166
83490
76728
78906
6263
76708
6262
73217
63891
39720
1809
140
141
142
63419
63409
145
66919
46012
76712
48672
53612
83485
46006
6278
7124
73225
4090
151
4092
152
4094
158
78923
7117
78925
1816
85212
8463
48655
7137
62102
161
162
165
1822
166
167
1820
48651
14424
1828
39704
15759
1825
1824
8476
63442
8478
72396
173
176
1832
83058
50134
37996
1836
1835
38847
84384
74105
180
22026
185
186
24207
187
189
1842
32299
78934
78933
13553
83045
1848
13557
8014
71883
42525
199
1854
79376
1851
69563
17572
57594
43845
57116
1865
26043
57119
79369
81201
57598
81680
66065
66063
9367
8033
7188
8039
38488
59782
58450
54091
9360
79397
9361
1874
1873
81233
59785
57125
80380
30529
1878
4902
48283
74947
7199
31839
74942
43827
57133
7194
58460
42977
81225
82556
79389
2731
84732
39329
8058
39790
68279
8055
37130
74955
78082
78083
8051
1895
84764
82585
81253
4924
14019
69120
8060
57153
61654
8065
3603
3601
29512
84753
4930
4931
39789
3606
39773
75823
61660
62995
62996
34085
62999
3614
1432
1431
24275
2761
36267
50532
1438
8089
48237
73656
73655
63850
4960
1451
78094
59354
8086
2779
84778
3622
57178
57179
26464
